Epoch	AverageEpRet	StdEpRet	MaxEpRet	MinEpRet	EpLen	AverageVVals	StdVVals	MaxVVals	MinVVals	TotalEnvInteracts	LossPi	LossV	DeltaLossPi	DeltaLossV	Entropy	KL	ClipFrac	Time
0	19.658741	27.928932	84.05352	-10.0	189.84616	0.2962224	0.43069822	1.3087404	-0.8568835	600	1.9868216e-08	655.71735	-0.06411383	-221.25783	3.6028175	0.123607695	0.63166666	17.797832250595093
1	9.441709	9.103509	25.77104	-10.0	183.78947	10.329754	2.9056728	20.075861	3.3191175	1200	-1.4901161e-08	54.08141	-0.060866524	-29.055883	3.5200202	0.07153305	0.6666667	37.038620710372925
2	9.2033415	7.5250244	32.38003	-10.0	190.8421	11.1758175	3.882082	25.358978	1.3413206	1800	-3.228585e-08	61.362213	-0.037662983	-23.213518	3.324012	0.061232094	0.5933333	54.31263780593872
3	9.233199	2.9181774	16.146631	4.758099	194.10527	7.8669004	3.6517875	17.444204	-3.0352483	2400	1.7384687e-08	19.242685	-0.10122514	-12.317047	3.092282	0.06384491	0.54833335	73.619558095932
4	10.460744	6.2385917	27.470497	5.1017957	195.83333	7.2376385	2.2016866	16.07714	2.491848	3000	-5.7121117e-08	28.955664	-0.07115906	-5.5903115	2.980629	0.052115757	0.42666665	92.13329744338989
5	9.450533	16.602875	63.606663	-10.0	179.46666	7.711193	2.345283	13.591793	0.70301485	3600	-5.8983765e-09	155.84425	-0.053101152	-30.916037	3.1053512	0.05487408	0.53333336	108.86907839775085
6	11.023801	6.6521063	22.65471	-10.0	188.76471	10.619839	3.9058654	21.797607	2.4230669	4200	0.0	39.42692	-0.10760618	-10.954957	2.8853014	0.054488536	0.51	126.12071490287781
7	19.275879	17.63634	66.72135	4.752577	192.89473	9.257329	3.9113371	19.58878	-0.5430277	4800	-3.973643e-08	248.31616	-0.088484704	-49.739258	2.7944212	0.063447565	0.57	143.79381847381592
8	16.848698	20.735794	95.60205	-10.0	186.89473	18.226156	5.5872216	30.657288	-2.091973	5400	-5.9604645e-08	304.64804	-0.06115817	-34.780792	2.733656	0.048018023	0.455	164.90595316886902
9	17.762978	17.329596	90.67432	7.1441774	188.95238	19.441912	4.8549924	32.1096	4.2490463	6000	2.4835268e-08	225.8871	-0.0672773	-37.19898	2.6047828	0.05624189	0.53000003	186.26520895957947
10	17.034676	6.692778	37.68518	8.717244	190.83333	15.522949	5.8117833	30.70721	-6.040242	6600	2.7318796e-08	65.44785	-0.10129402	-27.633375	2.4309092	0.04962824	0.49666667	207.53710556030273
11	16.078648	8.4864	30.428284	-10.0	183.38889	14.903908	3.7769866	32.05723	6.782605	7200	-1.9868216e-08	33.656765	-0.07875466	-9.34191	2.3055282	0.059015136	0.53	229.0043182373047
12	22.823475	13.722232	56.23738	-10.0	179.58824	15.399811	2.2132065	25.306206	10.022174	7800	0.0	144.98882	-0.07845851	-25.013346	2.2424743	0.060772717	0.48000002	249.55311226844788
13	22.139702	17.845984	77.39972	-10.0	182.75	16.581839	2.774362	25.397547	7.3809533	8400	-4.4703484e-08	249.1342	-0.07464266	-28.470964	2.2436354	0.04744948	0.46000004	269.70599269866943
14	29.568993	36.10729	160.69136	-10.0	182.21053	16.22761	5.63278	27.663004	0.5963197	9000	-3.973643e-08	885.9897	-0.057611812	-104.02265	2.2787921	0.052980613	0.41333333	290.6252055168152
15	33.967545	55.09464	252.24147	-10.0	180.8421	29.103884	8.055268	47.356056	2.5197802	9600	3.973643e-08	1963.9044	-0.04448628	-119.33918	2.17019	0.055868	0.3983333	311.61230874061584
16	26.062843	29.386114	143.04958	-10.0	184.71428	30.748665	12.080733	57.801632	0.19767499	10200	2.4835268e-08	751.98926	-0.05501538	-83.92208	2.127836	0.06912258	0.52500004	332.7977120876312
17	38.036247	55.399387	230.86111	-10.0	181.80952	27.942858	9.83803	51.8284	5.924466	10800	3.973643e-08	2181.5374	-0.052118685	-185.1908	2.0805612	0.045467217	0.50166667	353.90086126327515
18	31.578207	32.638546	157.78342	7.6652637	190.55556	33.264286	11.675608	57.495636	5.2736163	11400	-7.4505806e-08	841.58746	-0.05928244	-129.13779	2.0007708	0.047923345	0.46333334	374.5839252471924
19	22.892385	18.751276	68.066734	-10.0	177.05	29.260563	8.828749	51.869076	4.087127	12000	-4.4703484e-08	364.23196	-0.07577775	-137.44838	1.9216601	0.050862223	0.42833337	395.4344506263733
20	30.352135	26.280365	88.421234	-10.0	182.10527	15.860171	4.753681	31.75537	4.9939213	12600	2.4835268e-08	412.4304	-0.07203003	-32.845688	1.9465364	0.057176594	0.40666667	416.4508979320526
21	26.76881	15.34823	71.43433	10.183894	186.40909	26.470127	4.898133	43.08211	15.83488	13200	1.2417634e-08	186.74725	-0.06569344	-14.856854	1.8724155	0.048818994	0.40833333	437.94504380226135
22	33.4284	23.311287	109.01962	9.669343	184.94444	25.746527	4.948303	39.4915	18.143133	13800	4.4703484e-08	324.4285	-0.038191758	-28.111343	1.7501689	0.057322636	0.43666664	459.13451743125916
23	32.66579	22.100143	101.895096	-10.0	178.3158	27.906744	4.0266156	38.573887	18.574862	14400	3.4769375e-08	365.99036	-0.031111354	-27.266808	1.7059916	0.04666729	0.4433333	479.61298727989197
24	50.879368	117.769806	573.04956	-10.0	175.54546	26.350195	4.710439	34.986423	9.391054	15000	4.9670536e-08	9369.358	-0.014595665	-238.31966	1.6941229	0.060900252	0.51500005	499.6802833080292
25	21.142086	29.052704	98.01585	-10.0	159.11765	42.521137	8.962516	67.796776	20.555063	15600	7.202228e-08	1219.6127	-0.06349019	-698.43427	1.5282501	0.046870947	0.42500004	515.8395240306854
26	35.08373	44.034107	168.10437	-10.0	167.71428	18.256926	5.3380113	31.780134	3.226151	16200	5.4637592e-08	1328.4769	-0.07352597	-98.76653	1.4773833	0.058645237	0.46	541.1651227474213
27	28.818445	25.972372	113.00018	-10.0	174.63637	25.457598	6.6807437	39.51519	5.0531163	16800	9.934108e-09	422.30838	-0.053594913	-19.301947	1.4874115	0.049741346	0.36833334	562.0633025169373
28	32.62232	19.122147	89.6646	9.273359	178.92	22.289257	4.5886817	33.170483	9.228757	17400	-1.9868216e-08	320.7451	-0.06737356	-24.941935	1.4064525	0.053328265	0.385	587.3308997154236
29	60.962856	68.71521	352.80685	8.215604	178.26923	32.964256	8.393288	49.682526	-1.1636178	18000	0.0	3848.1611	-0.032117248	-255.41704	1.3396835	0.058276445	0.42	611.9766314029694
30	36.034046	30.195017	139.05397	10.261632	178.93103	57.4242	10.956468	83.34449	4.9338627	18600	7.947286e-08	1241.4503	-0.054477077	-505.90125	1.2557529	0.054201234	0.3516667	636.7537865638733
31	35.02601	26.77385	146.92625	9.50897	177.73077	38.444088	6.439845	55.52054	23.768475	19200	-5.9604645e-08	511.39975	-0.051668752	-19.927643	1.0577266	0.048932806	0.29666665	662.6391973495483
32	37.226006	43.183445	238.73108	7.676161	175.73077	24.756813	4.184501	37.0985	11.502733	19800	2.9802322e-08	1483.8553	-0.030501345	-77.95105	1.045078	0.046817124	0.335	686.1010208129883
33	42.776295	48.993523	269.29697	9.206859	178.44	39.489746	6.1701717	55.101727	22.293955	20400	0.0	1803.3214	-0.029643789	-92.91732	0.97341394	0.047674626	0.32333332	710.5591588020325
34	32.428135	19.248955	97.51897	11.995063	178.46153	38.35745	7.1167564	57.16062	14.916954	21000	6.7055225e-08	397.9117	-0.021164773	-83.58107	0.8981059	0.047660965	0.30666664	735.4083068370819
35	53.816917	83.92888	398.1246	8.202354	175.0	30.49718	7.5153947	52.71714	7.482666	21600	-1.9868216e-08	5532.5664	-0.022295855	-260.1722	0.85951656	0.048011065	0.29666668	759.3935554027557
36	32.866432	19.05831	73.33782	8.212608	178.11111	52.42189	8.8493185	77.067276	13.0634365	22200	9.934107e-08	698.79865	-0.050642755	-346.81186	0.89574546	0.05583885	0.31833336	785.1815133094788
37	62.804443	99.455826	563.7692	8.711565	179.03448	27.870567	5.4528418	41.830303	5.0729914	22800	7.4505806e-08	4058.584	-0.0061083916	-427.6001	0.8697093	0.049122553	0.31833333	810.5815424919128
38	32.639244	16.490059	76.764465	10.569135	178.92308	51.265438	8.691252	72.27386	21.1039	23400	-9.934108e-09	670.11176	-0.054586887	-35.75694	0.8262163	0.05188909	0.32500002	836.3256919384003
39	50.002583	29.048164	103.04541	10.241063	178.60715	45.12604	9.226492	69.95002	27.095966	24000	-3.973643e-08	656.5603	-0.046044707	-44.61009	0.74194366	0.055966873	0.25833336	862.5438814163208
40	39.298004	26.427198	109.59763	11.642779	179.07143	46.667755	7.6126356	65.32335	14.106754	24600	1.9868216e-08	716.31573	-0.030237742	-108.71377	0.7018998	0.057630494	0.3216667	888.1289834976196
41	65.72839	95.92954	494.38223	9.494273	177.38461	35.02683	4.2425604	46.742634	16.80375	25200	-2.4835268e-08	5798.8667	-0.020382328	-302.38852	0.53657883	0.054853637	0.21999998	914.1557202339172
42	53.644337	35.09021	174.1464	13.523763	177.3	46.85104	6.613146	64.55362	25.114239	25800	9.934108e-09	695.2702	-0.034288134	-23.797659	0.51037484	0.04935457	0.2	940.1720407009125
43	65.33258	71.87857	404.94632	12.03516	176.41379	43.373886	4.9352846	57.401047	20.497362	26400	2.9802322e-08	4172.2354	-0.015637442	-152.59674	0.39873067	0.043375637	0.175	966.8467848300934
44	62.17973	43.18634	224.42694	16.086195	178.2069	60.44508	4.271977	75.38456	51.361156	27000	1.3659398e-08	1550.4579	-0.028743649	-12.201518	0.40485942	0.04116636	0.16666667	993.7918562889099
45	68.95259	70.768326	408.76956	15.134316	177.25	53.69603	5.447257	77.67817	36.68534	27600	2.4835268e-08	4161.6006	-0.017623695	-125.08887	0.39640352	0.05023867	0.205	1020.6802749633789
46	134.53647	183.16422	971.5028	21.725721	177.17857	74.203415	7.173582	106.55322	41.01426	28200	-9.934108e-09	30391.553	-0.017654615	-2313.7915	0.27488026	0.032629233	0.14666668	1046.5685813426971
47	147.40869	174.38496	803.85876	15.311059	177.0	113.14612	12.403934	152.10455	88.30213	28800	-1.9868216e-08	23157.697	-0.015141836	-843.9012	0.27544096	0.050498758	0.22333331	1071.5662858486176
48	193.33398	275.91348	913.148	17.350386	176.0	129.8439	21.446896	224.06071	84.23756	29400	-2.9802322e-08	55479.453	-0.01949762	-3864.7913	0.3183062	0.046128154	0.14833333	1096.8614904880524
49	344.11395	314.68558	918.7502	13.3052225	178.0	181.4943	45.362217	324.41888	121.3374	30000	4.9670536e-08	96944.77	-0.018595042	-24083.701	0.2140581	0.052491035	0.13666667	1122.6283519268036
50	548.10297	343.72116	962.3851	22.913181	177.88461	377.13306	85.05902	604.49225	249.19127	30600	-4.4703484e-08	92224.94	-0.022972137	-15543.402	0.11729836	0.046130612	0.07	1147.5447597503662
51	513.58264	330.5052	975.5497	17.69815	177.42857	596.97864	89.70603	832.09753	381.7344	31200	-4.967054e-09	89634.54	-0.017486723	-16178.192	0.08121251	0.055666465	0.068333335	1172.117372751236
52	651.16174	258.50824	965.32025	39.733727	177.8077	426.33813	36.812233	516.42737	224.61183	31800	-1.4901161e-07	65868.97	-0.009703134	-19549.254	0.035727363	0.050246898	0.065	1196.7033967971802
53	511.8487	358.73422	962.6822	27.075296	178.32143	560.37585	80.85956	729.80634	272.45126	32400	9.934108e-09	97920.24	-0.0196794	-9956.044	0.18396346	0.06578922	0.13833334	1220.8319523334503
54	585.9591	321.53226	970.73413	10.389528	178.23077	533.7366	79.702126	675.0419	227.33376	33000	3.7252903e-08	44178.2	-0.01769138	-3132.5989	0.09158671	0.05411896	0.041666668	1245.107276916504
55	686.56635	248.75139	975.16113	43.278263	177.53334	607.6621	85.50829	801.23267	422.61197	33600	1.9868216e-08	44355.22	-0.013011103	-3212.443	0.056785405	0.03531667	0.03833333	1269.9040222167969
56	723.0281	239.59044	976.3737	16.82212	177.84616	591.69073	59.09042	657.31934	119.93448	34200	5.9604645e-08	32366.094	-0.01146301	-3481.0918	0.050042707	0.044485908	0.06666667	1294.5686666965485
57	608.4961	312.64832	929.36096	29.686262	177.82143	693.8936	48.962334	767.77826	561.9351	34800	9.934108e-09	78441.06	-0.011779775	-12187.339	0.06496991	0.050000694	0.061666667	1318.44016289711
58	671.5294	241.23735	946.0484	30.33453	177.62962	502.0073	59.573093	574.5817	5.0732784	35400	-2.4835268e-08	39625.21	-0.008307687	-8886.171	0.018685939	0.05135706	0.060000002	1344.2671241760254
59	316.14957	367.0933	965.7968	7.0439563	178.62962	527.8875	173.438	810.0445	29.808975	36000	6.6434346e-08	129654.71	-0.010936136	-66788.26	0.24202375	0.078381926	0.16666667	1368.590414762497
60	590.34674	312.96628	910.8965	22.41034	177.55556	410.7931	103.408646	542.09436	-26.184893	36600	1.0430813e-07	54382.49	-0.015015068	-1644.2793	0.056095082	0.055520575	0.040000003	1394.7376244068146
61	651.3866	240.48802	974.7126	35.1599	177.71428	454.84207	108.03896	588.19763	13.30536	37200	-1.6142925e-08	42543.13	-0.007044857	-12201.008	0.03907713	0.054017067	0.06666667	1418.9245808124542
62	533.2095	356.2087	970.60803	18.600904	177.89285	617.8983	156.56734	806.12317	13.509385	37800	-1.06326e-08	81066.77	-0.017333908	-19160.518	0.11316317	0.053241756	0.08833333	1443.0072865486145
63	717.94403	187.0689	973.8405	29.597477	177.57143	484.6048	56.742233	546.69525	95.75196	38400	7.947286e-08	46443.863	-0.0017471034	-27473.172	0.006758295	0.0041697654	0.0016666666	1468.387618303299
64	651.3239	310.44592	943.93744	19.053295	178.44444	614.5981	170.84914	735.92126	-44.24992	39000	1.4901161e-08	42511.285	-0.013611625	-4316.3086	0.092005014	0.062273968	0.05666666	1492.5895159244537
65	645.33954	308.3018	951.9899	12.05369	178.44444	593.3169	129.39427	730.4657	-44.67648	39600	-2.9802322e-08	54311.082	-0.0067411377	-1260.9102	0.039163385	0.061264407	0.026666665	1516.870492696762
66	808.4272	104.046776	976.6238	611.3374	177.7037	635.65137	59.98671	742.23785	556.332	40200	3.973643e-08	16059.766	0.00018222381	-3248.5273	0.009999462	0.00013546497	0.0	1541.7587175369263
67	673.37494	187.10838	929.6324	219.16934	177.62962	765.79376	56.273716	857.5372	328.4992	40800	-2.9802322e-08	48631.137	-0.0019004978	-17772.018	0.04866044	0.058148902	0.015000001	1565.922281742096
68	705.64166	242.61761	974.5209	8.181	177.26923	534.709	103.84208	619.3493	-43.669514	41400	0.0	37562.168	-0.008117046	-6400.141	0.02078421	0.024628976	0.1	1590.7803151607513
69	625.0499	322.48947	972.1553	7.688136	175.96153	532.71136	258.9938	787.3382	-62.270443	42000	-9.934107e-08	49068.12	-0.013775206	-7743.1895	0.09941018	0.049411047	0.040000003	1613.9354569911957
70	671.45276	295.37643	976.6156	7.28202	177.0	542.10596	199.54826	759.8701	-57.125996	42600	-7.947286e-08	34239.8	-0.0024895568	-17700.076	0.025822213	0.012481877	0.018333333	1638.5582764148712
71	770.9263	176.84221	975.0716	20.02354	177.67857	703.46564	90.57236	817.69745	167.6315	43200	2.9802322e-08	15017.39	-0.0027972825	521.01465	0.007389417	0.0126388855	0.005	1664.5563225746155
72	808.46063	113.00762	976.6031	612.6531	177.85185	724.9735	76.21033	804.7274	-30.408482	43800	-3.973643e-08	19306.799	-0.0025445893	-1092.6086	0.016936822	0.019730398	0.0016666666	1689.9746437072754
73	766.49567	177.64633	959.91693	44.88918	177.66667	713.1725	78.38181	804.28595	-7.108994	44400	-3.973643e-08	8935.0625	-0.0002986888	-150.80725	0.014704251	0.0009342043	0.0016666666	1715.3819329738617
74	760.1811	121.83656	976.61194	539.33374	177.64285	709.31305	46.64284	789.21246	628.81934	45000	-4.967054e-09	12613.523	-0.0001183177	-732.9206	0.008915001	2.1953383e-05	0.0	1740.8080787658691
