Epoch	AverageEpRet	StdEpRet	MaxEpRet	MinEpRet	EpLen	AverageVVals	StdVVals	MaxVVals	MinVVals	TotalEnvInteracts	LossPi	LossV	DeltaLossPi	DeltaLossV	Entropy	KL	ClipFrac	Time
0	40.166668	48.074303	111.0	1.0	2366.3333	0.9909541	0.38381848	2.391499	-0.29666394	2400	-0.03652109	416.16525	-0.018377146	-78.467964	3.652111	0.10623702	0.6325	124.68484115600586
1	33.2	47.07611	108.0	0.0	1613.3	9.089081	2.2431054	16.167883	2.5078027	4800	-0.034867663	486.50903	-0.013694647	-28.697159	3.4867704	0.07298248	0.60208327	249.5371115207672
2	22.5	39.051888	101.0	0.0	1620.5	12.73121	2.407874	20.049538	3.3995903	7200	-0.03192775	280.49954	0.013584752	-49.451965	3.1927783	0.12562911	0.7020833	372.92200565338135
3	61.545456	51.921906	113.0	0.0	1605.2727	5.2066054	1.1316842	8.662852	1.0584434	9600	-0.029250184	1023.68097	0.026524613	-206.7854	2.9250221	0.08428219	0.66125	504.3857035636902
4	93.44444	31.077362	110.0	6.0	1578.8889	26.693642	7.458312	42.165543	3.7654445	12000	-0.028015926	745.6816	-0.07001854	-69.94753	2.801593	0.049022287	0.40666667	628.0302431583405
5	50.272728	51.895157	112.0	0.0	1628.7273	30.264805	5.7992907	45.73545	5.1053243	14400	-0.026265219	674.27814	-0.082391225	-108.34899	2.6265216	0.043220777	0.47124997	767.0955531597137
6	31.545454	46.871902	110.0	0.0	1679.7273	16.667608	2.577727	27.19753	7.450856	16800	-0.026636377	498.63815	-0.062314134	-22.945223	2.6636364	0.042600393	0.39208332	907.5828740596771
7	42.75	49.869205	113.0	0.0	1542.375	15.589834	3.819621	29.855183	6.0500927	19200	-0.027519455	439.9464	-0.06678551	-28.50297	2.7519462	0.051996272	0.4666667	1044.828101158142
8	38.25	47.567715	109.0	0.0	1515.4166	14.389964	3.2640533	24.379297	5.0923142	21600	-0.026771337	537.82416	-0.067953326	-36.745144	2.677131	0.044869047	0.38375	1205.361032962799
9	30.25	46.69248	111.0	0.0	1785.125	14.784525	4.6266103	34.77924	5.4604673	24000	-0.027073452	352.067	-0.06194195	-32.96861	2.7073452	0.04689702	0.39166665	1343.7196447849274
10	37.22222	47.667313	113.0	0.0	1507.6666	10.01342	3.2981753	22.983839	1.4638367	26400	-0.027432775	335.57904	-0.054645985	-21.258991	2.7432754	0.050312284	0.40333334	1469.7547585964203
11	34.4	46.983402	113.0	2.0	1786.4	10.227187	3.9251475	23.653912	2.6894934	28800	-0.025784692	422.44406	-0.05897373	-27.391424	2.5784671	0.049577758	0.40916666	1596.60928440094
12	69.27273	48.90081	112.0	0.0	1759.1818	12.267288	5.077096	26.654398	1.336688	31200	-0.025297746	896.49396	-0.07347428	-179.30298	2.529774	0.048139054	0.44333336	1737.905003786087
13	73.333336	49.16638	113.0	0.0	1711.5555	28.233795	7.466037	50.51235	8.732487	33600	-0.025751809	494.96085	-0.08460202	-61.552776	2.5751772	0.0511737	0.48833334	1873.3572075366974
14	54.916668	50.532925	112.0	1.0	1573.75	27.517595	9.13712	52.950836	7.753602	36000	-0.025341645	585.905	-0.07724891	-39.198578	2.534164	0.048819423	0.43416667	2015.189246416092
15	77.72727	45.18264	108.0	3.0	1760.8182	26.47817	9.198735	51.584488	10.279352	38400	-0.02504534	538.9521	-0.077129714	-47.864315	2.5045326	0.048257753	0.42458332	2153.7326765060425
16	65.0	50.136482	111.0	0.0	1845.9166	28.184528	10.525488	80.531075	6.869348	40800	-0.024460142	523.35596	-0.06501295	-44.95049	2.4460158	0.046002507	0.40125	2294.5746116638184
17	76.5	49.045387	112.0	0.0	1880.4	26.405804	13.0295925	60.80438	4.215296	43200	-0.024807788	427.94803	-0.073593594	-33.833256	2.4807773	0.045591954	0.41625	2439.7821390628815
18	55.75	50.69866	111.0	1.0	1683.75	29.586565	14.609043	63.607216	4.134861	45600	-0.024711555	625.7662	-0.07886944	-85.83474	2.4711554	0.047521073	0.45666668	2589.5082244873047
19	48.75	49.313835	112.0	3.0	1793.6666	19.67165	14.5640745	55.532326	-5.2091823	48000	-0.02413866	551.1182	-0.07457427	-37.797527	2.4138672	0.046133384	0.41874996	2735.618185043335
20	69.63636	49.52919	111.0	0.0	1771.2727	21.262745	13.732096	56.45484	-4.6712418	50400	-0.024364918	562.5687	-0.07180207	-69.57105	2.4364946	0.04800831	0.4333333	2893.4920477867126
21	73.666664	48.037025	113.0	0.0	1662.75	24.765766	12.408123	61.134666	5.3091593	52800	-0.024357116	455.67178	-0.07896783	-34.563137	2.4357085	0.049514364	0.44833335	3044.7807700634003
22	51.727272	50.90828	111.0	0.0	1684.1818	28.316387	13.757473	67.302	7.660172	55200	-0.02377075	480.49036	-0.065065175	-20.65022	2.3770764	0.048526365	0.43999997	3202.1405813694
23	45.266666	50.6313	110.0	0.0	1634.7333	25.019613	13.436896	58.76076	4.7528687	57600	-0.023197586	561.0667	-0.066425376	-26.337997	2.3197572	0.049028307	0.42999998	3373.056751728058
24	48.642857	51.19794	111.0	0.0	1853.3572	23.870152	12.765451	63.02072	2.711241	60000	-0.023294518	546.2445	-0.07078739	-27.442596	2.3294525	0.04523251	0.42166665	3534.0232021808624
25	48.25	49.717747	110.0	1.0	2076.0	23.534363	11.540451	57.30673	6.6214304	62400	-0.02344957	518.91925	-0.07002876	-36.56595	2.344959	0.050296757	0.44916666	3693.4604749679565
26	56.0	49.871502	107.0	3.0	1939.1666	24.411533	12.578317	61.538445	2.4970784	64800	-0.022910366	510.56702	-0.06732946	-38.598186	2.291035	0.046407893	0.4570833	3850.893576145172
27	55.166668	50.42789	111.0	0.0	1735.25	24.066515	13.148944	59.748245	3.9041715	67200	-0.022553906	487.38428	-0.065401904	-41.590336	2.2553911	0.04756962	0.42249998	4010.2550723552704
28	74.61539	47.700245	112.0	0.0	1661.3846	22.137878	14.001662	63.711906	-0.9176546	69600	-0.022392193	517.28485	-0.06771345	-90.08262	2.2392182	0.051103175	0.43291667	4161.793461084366
29	68.53846	49.434673	112.0	0.0	1737.6154	36.013805	15.719659	83.33517	12.9920025	72000	-0.022715764	509.3317	-0.06267182	-40.686707	2.2715766	0.04628401	0.42416668	4315.875967741013
30	49.142857	48.189888	111.0	3.0	1847.6428	34.502705	15.745067	80.973625	9.864825	74400	-0.022006629	851.1335	-0.0701066	-276.5408	2.2006617	0.04872812	0.44958332	4496.465384244919
31	38.666668	48.03355	110.0	1.0	1975.0834	15.302407	14.255954	55.870922	-4.687933	76800	-0.021731898	475.48178	-0.060530778	-20.078651	2.173194	0.045216367	0.41833332	4664.9163908958435
32	81.92308	41.688335	109.0	1.0	1795.2307	18.101572	12.294716	53.037228	-0.1959726	79200	-0.021847794	652.80005	-0.072120994	-156.5502	2.1847801	0.05020778	0.43458334	4816.165316820145
33	60.384617	52.002277	113.0	0.0	1902.0	37.58899	12.344033	75.88283	16.648733	81600	-0.020536533	561.8161	-0.06608197	-69.109886	2.0536537	0.052015465	0.41750002	4986.53707075119
34	36.46154	47.94326	109.0	0.0	1834.0769	26.135736	11.914425	58.573147	8.785105	84000	-0.020502442	600.6738	-0.06514426	-59.726017	2.050245	0.046206143	0.39791667	5149.394176483154
35	75.38461	46.370644	110.0	2.0	1836.4615	16.654976	12.470352	52.600105	2.4782627	86400	-0.02092435	668.8	-0.055779975	-147.36852	2.092434	0.045112878	0.40833333	5304.181200027466
36	56.75	49.659046	112.0	4.0	1885.0	29.284447	11.009343	62.81809	13.077537	88800	-0.020391094	477.3866	-0.059107542	-48.559956	2.0391095	0.047481935	0.3945833	5469.9921438694
37	60.0	52.1064	113.0	0.0	1801.6154	24.6985	11.7471075	55.543755	8.455761	91200	-0.020645758	604.7994	-0.06788841	-13.984833	2.0645714	0.050220978	0.43916667	5627.322477817535
38	47.25	49.052906	110.0	3.0	1887.8334	30.9582	14.308705	72.08994	12.023616	93600	-0.02070348	555.8948	-0.07017385	-105.99741	2.070346	0.046202924	0.43541667	5795.290011167526
39	80.833336	43.358646	113.0	5.0	1686.0834	18.81688	12.23047	58.588444	2.8380523	96000	-0.020812491	567.6494	-0.06917596	-116.98102	2.0812504	0.050162356	0.40499997	5950.882440567017
40	59.46154	52.170746	111.0	0.0	1708.8462	30.391165	13.825859	67.61758	11.714579	98400	-0.019948741	444.1206	-0.06484706	-15.960406	1.994875	0.04818983	0.41375002	6118.180917263031
41	89.083336	39.09488	112.0	0.0	1666.0	24.998232	14.025182	63.722538	6.6735463	100800	-0.019694516	491.75052	-0.063675195	-157.86745	1.9694538	0.045045987	0.40625	6270.843039274216
42	43.692307	48.104668	109.0	2.0	1649.2307	42.899857	15.30896	95.56895	18.340197	103200	-0.019201199	1000.70905	-0.06815057	-428.3492	1.9201134	0.048676472	0.41125	6432.0205109119415
43	46.266666	50.9725	112.0	0.0	1704.3334	25.919014	15.450352	75.28148	7.0246024	105600	-0.018858036	589.78424	-0.06572529	-21.876083	1.8858031	0.04716107	0.3925	6609.473647117615
44	73.75	48.18389	113.0	3.0	1839.0834	21.510572	13.229059	58.93401	5.7881284	108000	-0.018698275	503.87646	-0.059415102	-39.285015	1.869833	0.049497724	0.39958334	6770.827383518219
45	52.846153	49.35717	112.0	0.0	1661.4615	32.004166	13.448523	80.28242	12.323926	110400	-0.018087089	606.5637	-0.061737955	-78.18048	1.8087085	0.047038075	0.36958334	6936.946991920471
46	55.285713	49.735626	110.0	0.0	1682.9286	18.419342	12.59522	68.86903	1.4467248	112800	-0.017367512	483.3397	-0.05351183	-38.689785	1.7367514	0.04873838	0.37208334	7102.796055793762
47	98.5	28.464891	112.0	5.0	1748.9166	24.798262	16.133781	66.85372	1.0872011	115200	-0.017804518	455.7596	-0.057519194	-146.42342	1.7804518	0.046647716	0.39041665	7261.474293231964
48	84.71429	41.808113	111.0	0.0	1773.4286	38.947815	19.537996	102.42296	9.348434	117600	-0.016118387	353.9536	-0.062396903	-44.622818	1.6118361	0.051682588	0.38166666	7422.766266345978
49	73.25	46.781628	111.0	2.0	1826.3334	35.760838	18.577475	96.342285	3.8561027	120000	-0.016341152	583.90106	-0.055137962	-65.73334	1.6341162	0.045536518	0.3575	7593.879901885986
50	69.78571	48.97839	112.0	0.0	1635.8572	33.2158	18.551695	87.63092	-2.5671647	122400	-0.015988901	414.56897	-0.061758507	-70.180214	1.5988888	0.048876505	0.38791665	7755.358697414398
51	86.066666	39.840458	112.0	5.0	1806.8	36.21501	19.02276	186.91193	9.27565	124800	-0.016349137	423.84097	-0.053180065	-95.162926	1.6349125	0.0450718	0.3495833	7922.375327825546
52	59.692307	50.698788	109.0	1.0	1971.0	35.59769	19.548325	114.392525	5.68183	127200	-0.01572297	600.2959	-0.06211703	-109.80554	1.5722965	0.047653127	0.39166665	8091.296704053879
53	60.076923	50.612343	111.0	0.0	1842.6923	32.13457	16.567461	91.33278	-40.32089	129600	-0.015557657	453.7875	-0.0612247	-70.2352	1.5557638	0.046863165	0.38250002	8258.996930599213
54	71.0	48.292263	113.0	3.0	1760.8572	31.25961	18.718195	99.59748	2.0648623	132000	-0.015208882	497.4008	-0.052889887	-73.40388	1.5208896	0.051483203	0.3791667	8430.655902385712
55	63.714287	48.067554	108.0	1.0	1838.2858	30.974075	17.27098	96.07324	2.2854395	134400	-0.014766249	503.75806	-0.06157502	-85.99365	1.4766245	0.045163218	0.35625002	8597.965510606766
56	42.642857	50.280087	112.0	0.0	1935.8572	26.115902	18.67526	93.07445	-1.6756799	136800	-0.0143077895	393.2118	-0.067995444	-92.77118	1.4307796	0.04518177	0.36541668	8776.907974243164
57	56.5	51.118324	113.0	1.0	1929.75	21.080997	15.251067	77.74782	-0.6120771	139200	-0.014471948	479.821	-0.058028024	-50.087997	1.4471927	0.04619604	0.37458336	8948.742286205292
58	75.23077	45.7605	111.0	5.0	1653.8462	29.447477	18.971355	88.335846	7.536692	141600	-0.015131022	402.44516	-0.06273615	-44.876873	1.5131036	0.05178653	0.38708332	9117.71622800827
59	44.933334	48.640812	110.0	0.0	1722.6	27.757305	15.839557	85.565094	7.256161	144000	-0.015010208	438.9373	-0.06701624	-121.73276	1.5010198	0.04763155	0.37958333	9279.60164141655
60	78.78571	45.699608	112.0	0.0	1917.3572	17.635962	17.344982	83.621826	-5.9155726	146400	-0.0145039065	664.6982	-0.055308014	-237.67793	1.4503905	0.04624294	0.37041667	9453.590149879456
61	48.0	49.918266	112.0	4.0	1911.9166	31.259655	18.102242	93.55966	-1.8558859	148800	-0.013892	580.041	-0.0646166	-46.348316	1.3891987	0.048576403	0.34208333	9637.690987348557
62	67.8125	47.89209	111.0	1.0	1624.0	28.705078	17.647276	78.314995	-2.6214423	151200	-0.013964084	584.9334	-0.05593231	-20.401785	1.396409	0.05116835	0.38458332	9803.09541773796
63	63.5	50.61867	111.0	0.0	1932.3572	29.069004	17.231739	83.25288	-0.32370475	153600	-0.014273415	445.645	-0.050628442	-44.2552	1.4273418	0.047805134	0.35375	9983.652020931244
64	81.083336	43.670086	110.0	1.0	1851.0	32.26508	18.21368	85.676865	3.3913236	156000	-0.014173095	294.74594	-0.0646719	-57.694286	1.4173108	0.05312411	0.37875	10140.715777873993
65	41.0	50.259327	112.0	0.0	1727.9286	33.556473	18.912815	94.88698	-1.3514645	158400	-0.01382592	636.4308	-0.06592303	-164.13506	1.3825926	0.05157566	0.38583335	10312.162143945694
66	83.76923	44.52511	113.0	1.0	1743.7693	21.768028	19.744284	80.62599	-4.640985	160800	-0.0138599975	551.3199	-0.056208953	-267.38577	1.3859991	0.04766823	0.33083335	10474.639165401459
67	27.0	41.03309	107.0	0.0	1762.7142	25.002308	15.811553	74.21888	-6.9767485	163200	-0.01392519	477.51797	-0.059170503	-47.983143	1.3925209	0.04530181	0.34875	10645.193641662598
68	83.92308	43.382843	112.0	2.0	1838.3846	29.052141	20.831224	94.7596	-2.6416664	165600	-0.01365802	330.95245	-0.057123672	-10.413372	1.3657984	0.048102334	0.33041668	10801.435632228851
69	76.0	46.09522	111.0	4.0	1868.7693	31.29793	19.67397	84.13214	-2.278065	168000	-0.014426793	385.27234	-0.055717614	-18.044039	1.4426764	0.04717788	0.345	10961.220414161682
70	81.25	44.339832	112.0	1.0	1864.75	30.10866	20.568787	94.6055	-3.0035062	170400	-0.013616555	428.29764	-0.043804426	-23.83406	1.3616575	0.049318228	0.37125	11122.787355422974
71	83.53846	42.973366	112.0	2.0	1650.6923	39.384804	21.51047	109.527176	8.703981	172800	-0.014660732	433.85046	-0.05395037	-32.873943	1.4660711	0.04525662	0.3458333	11279.622740983963
72	63.285713	48.714077	111.0	1.0	1792.8572	36.036434	21.67857	102.04102	4.7575717	175200	-0.014389767	478.2461	-0.049100388	-79.353004	1.4389759	0.046360675	0.32666668	11436.402843952179
73	73.5	48.845848	111.0	2.0	1952.0	25.888311	16.371561	73.797005	-1.3663459	177600	-0.013592422	382.06677	-0.05968629	3.2041779	1.3592453	0.050140906	0.39499998	11615.557651996613
74	36.846153	45.84564	108.0	4.0	1803.4615	24.506853	15.879891	73.75209	-1.5019764	180000	-0.014209528	500.5825	-0.060578067	-33.590996	1.4209532	0.046890046	0.38208333	11782.236571788788
75	92.85714	35.46801	113.0	5.0	1763.2142	25.500643	17.356937	86.719284	1.9108591	182400	-0.014886662	553.87494	-0.062160507	-22.210169	1.4886646	0.04627997	0.35791668	11939.475116729736
76	74.5	46.94234	113.0	7.0	1952.6666	25.563972	16.94005	80.67298	-2.1031451	184800	-0.014211535	390.1888	-0.056277532	-37.65163	1.4211541	0.05078959	0.3691667	12108.244130849838
77	65.916664	49.231525	112.0	7.0	1813.9166	27.121489	15.3680525	79.47905	0.038953632	187200	-0.014288326	379.72592	-0.055058807	-31.324331	1.4288316	0.04707247	0.37250003	12267.575917005539
78	57.357143	51.33727	112.0	2.0	1788.0714	32.988735	21.35007	98.74238	4.589826	189600	-0.013743796	513.4114	-0.047008365	-33.991337	1.3743811	0.048191343	0.37666667	12442.184559106827
79	67.84615	48.72031	112.0	4.0	1860.2307	25.951338	21.246954	87.90511	1.8194624	192000	-0.013981059	328.39603	-0.054588635	-22.754107	1.3981034	0.04664438	0.35708332	12611.38623380661
80	60.53846	50.14535	113.0	3.0	1818.3077	24.36258	18.661978	87.827675	-3.805782	194400	-0.014555345	366.61084	-0.04760884	-43.68709	1.4555336	0.046787668	0.36791667	12774.837768316269
81	67.46154	50.27557	112.0	0.0	1821.0769	27.60848	20.092125	91.30926	-2.9290426	196800	-0.0136274	409.0123	-0.052222442	-60.822308	1.362738	0.048998628	0.3629167	12934.761589288712
82	73.083336	49.592434	112.0	0.0	1749.5	25.013603	20.538929	90.7116	-3.001438	199200	-0.013213997	360.18994	-0.056812715	-64.443665	1.3214	0.047458608	0.35	13099.12688612938
83	76.57143	47.12402	111.0	0.0	1661.8572	33.613388	21.51006	94.98953	-2.7561944	201600	-0.012965053	446.84555	-0.05175048	-62.117706	1.2965039	0.051869184	0.34458336	13253.27851819992
84	72.42857	50.046715	112.0	0.0	1862.2142	32.18354	19.496117	103.12123	2.6192546	204000	-0.012553786	444.57394	-0.054703493	-79.849464	1.2553768	0.05181473	0.38041666	13425.5814204216
85	57.083332	51.13456	112.0	4.0	1930.3334	34.63019	18.648697	105.72374	3.7117355	206400	-0.011504401	556.8366	-0.055563066	-77.65082	1.1504421	0.050249625	0.3325	13599.092129945755
86	72.916664	48.85942	111.0	0.0	1687.8334	33.985077	21.284208	111.90142	1.6262231	208800	-0.011162183	336.05527	-0.05296254	-51.17915	1.1162183	0.049504	0.32125	13771.071793794632
87	75.61539	46.400497	112.0	3.0	1503.0769	32.112514	19.07624	98.94294	6.1767	211200	-0.011204481	404.96964	-0.0468491	-59.27536	1.1204462	0.045454253	0.3216667	13931.826450109482
88	86.4	42.795326	112.0	0.0	1657.7333	33.372395	18.781288	154.4427	9.382244	213600	-0.010953315	470.55875	-0.04722241	-112.49009	1.0953358	0.0468163	0.33124998	14097.028984069824
89	79.35714	44.81487	113.0	7.0	1952.4286	46.102936	20.21187	119.90198	11.723659	216000	-0.010466377	555.2755	-0.047571342	-207.25586	1.0466374	0.048965562	0.33208334	14268.209750413895
90	56.416668	51.81933	111.0	1.0	1941.8334	27.327122	16.228876	83.82347	1.1218383	218400	-0.011005829	306.59518	-0.04745939	-41.246716	1.1005839	0.045480847	0.32541665	14437.97571182251
91	64.416664	50.963154	112.0	1.0	1722.0	22.428572	16.90709	88.14487	-10.669039	220800	-0.011890337	795.5341	-0.048370425	-55.668774	1.1890336	0.050876778	0.3708333	14607.260959386826
92	67.61539	51.05734	112.0	0.0	1505.3077	39.2417	25.811535	117.28585	-3.891815	223200	-0.011426185	286.767	-0.056312677	-42.23025	1.1426181	0.050130155	0.34833333	14766.245712041855
93	80.5625	43.630505	111.0	4.0	1707.5	36.899265	20.608347	101.68782	6.661221	225600	-0.010159428	479.64038	-0.045110095	-54.765224	1.0159432	0.0511443	0.30125	14937.247995853424
94	61.23077	50.75454	111.0	0.0	2025.6923	26.029858	15.538363	80.98877	-1.0344633	228000	-0.010114302	364.08957	-0.049800757	-40.500034	1.0114319	0.04706286	0.31125	15111.094676017761
95	64.916664	50.01743	112.0	4.0	1789.8334	25.32254	17.96642	94.01508	-3.0680833	230400	-0.010267059	434.60904	-0.044567674	-33.616116	1.026707	0.05243328	0.32708332	15278.181492567062
96	66.066666	50.275864	111.0	0.0	1645.4667	27.466703	17.94442	86.84665	2.5504794	232800	-0.011494185	724.12714	-0.04533291	-76.58965	1.1494182	0.04882571	0.335	15455.679238557816
97	63.785713	49.882977	113.0	0.0	1814.2858	34.950603	23.179	107.67129	1.4251796	235200	-0.011804901	370.684	-0.05617239	-24.493517	1.1804868	0.049348127	0.36249998	15620.60188984871
98	70.36364	48.17633	111.0	4.0	1905.2727	34.865078	23.475437	113.21011	1.1967896	237600	-0.01290645	316.75415	-0.05939436	-41.260723	1.2906443	0.05096938	0.3525	15791.114133358002
99	62.714287	50.294037	113.0	0.0	1649.5714	30.941725	25.197962	106.727776	-0.33548424	240000	-0.010477032	221.21193	-0.04358597	-34.273083	1.0477036	0.04545923	0.29416665	15948.4286942482
100	70.28571	48.452374	111.0	4.0	1822.9286	20.904179	17.403812	94.85704	-2.3363914	242400	-0.010602996	608.5767	-0.046256717	-56.064953	1.0603034	0.04544924	0.30458334	16108.880078554153
101	91.083336	35.689537	111.0	11.0	1920.75	33.920033	22.961569	105.02065	3.993605	244800	-0.010737215	525.26605	-0.043069612	-39.94545	1.0737226	0.045315344	0.29333332	16273.845433950424
102	79.666664	44.12205	112.0	2.0	1756.1333	44.82948	20.416206	126.661385	11.528745	247200	-0.009449497	482.1589	-0.0456868	-74.764885	0.9449463	0.050119895	0.28958333	16434.482649564743
103	68.53846	50.478657	112.0	0.0	1898.8462	33.924927	20.249313	113.059235	0.84425783	249600	-0.0088965455	203.19257	-0.037996124	-19.507683	0.88965315	0.053514943	0.34125003	16602.63482618332
104	60.384617	50.67929	113.0	1.0	1724.3846	30.568222	20.655817	115.7604	-2.3513992	252000	-0.010920535	447.26962	-0.049782008	-28.204088	1.0920581	0.045982506	0.30875	16758.311044454575
105	60.153847	51.456997	112.0	0.0	1806.0769	32.997227	22.907322	102.340096	-1.1829727	254400	-0.009996478	660.3609	-0.04899041	-63.90863	0.9996472	0.04650301	0.3075	16939.275549411774
106	77.35714	45.418068	112.0	1.0	1774.5	25.103994	17.678926	88.28282	-3.6754982	256800	-0.011528767	521.8807	-0.05375566	-53.1787	1.152872	0.050267488	0.34708333	17102.41587471962
107	76.23077	46.293633	111.0	2.0	1939.0769	26.266216	10.921524	70.088264	2.428739	259200	-0.009036024	505.0668	-0.03858212	-87.65134	0.9036003	0.048925847	0.32041666	17266.355627298355
108	82.0	43.787365	112.0	3.0	1856.1666	40.487	20.400867	105.682755	5.7990036	261600	-0.009152666	394.40457	-0.042401727	-17.656874	0.91526955	0.047256935	0.2925	17446.37925720215
109	78.92857	43.59794	113.0	7.0	1699.0	36.865	22.220886	106.82569	12.926805	264000	-0.0078000217	392.9059	-0.03212378	-25.08822	0.77999896	0.04971425	0.3125	17614.847839832306
110	86.73333	41.05357	113.0	2.0	1811.4667	31.260283	18.353954	83.991714	10.654801	266400	-0.0072085783	363.27502	-0.03484099	-31.036514	0.72085977	0.047207657	0.25875	17796.70496726036
111	69.0	49.243507	112.0	2.0	1933.6923	31.61711	16.123795	87.16759	6.214643	268800	-0.006997878	390.11813	-0.034296352	-37.90511	0.6997886	0.045227975	0.27291667	17971.97406244278
112	70.71429	50.127594	113.0	0.0	1835.5714	34.201607	21.370604	106.75745	0.6169654	271200	-0.0067363433	252.41283	-0.035188254	-15.614686	0.67363405	0.056235272	0.25166667	18146.539419174194
113	73.73333	47.972862	111.0	3.0	1861.4667	37.411926	23.206264	108.54488	-27.404602	273600	-0.0074238977	439.61768	-0.038664956	-30.30549	0.74238926	0.047007684	0.25708333	18313.090342521667
114	52.615383	50.580536	111.0	3.0	1980.4615	28.063038	21.457342	100.24647	-1.8367501	276000	-0.007931921	300.55127	-0.0440878	-15.489749	0.7931902	0.051668614	0.28541666	18495.78184580803
115	63.9375	49.968075	113.0	1.0	1833.125	29.426744	21.137417	91.8738	0.71595865	278400	-0.0076761493	474.5471	-0.034575403	-18.754698	0.7676146	0.04686116	0.23791666	18683.716724395752
116	69.07692	49.465546	110.0	4.0	2019.1538	25.322208	20.162037	107.11267	-2.766541	280800	-0.008360326	350.41537	-0.046123207	-25.272978	0.8360305	0.04873261	0.27875003	18858.638832569122
117	70.42857	48.707165	110.0	0.0	1801.2858	33.900867	21.726088	118.72276	1.3553083	283200	-0.007248672	396.75864	-0.03608762	-16.359787	0.72486717	0.045798194	0.26666668	19034.899250268936
118	75.5625	47.027874	112.0	2.0	1812.75	29.805723	19.182922	89.13104	-2.3962162	285600	-0.0070901015	396.03433	-0.03399678	-25.93228	0.7090089	0.049209554	0.24125	19213.768607378006
119	48.5	49.698257	111.0	3.0	1967.5834	31.926363	20.649132	105.11162	-2.440349	288000	-0.0070124515	454.28397	-0.034340754	-14.267108	0.7012463	0.041503634	0.27666667	19401.996511936188
120	93.26667	34.293762	113.0	5.0	1619.9333	32.443027	21.963709	102.86859	-4.8316298	290400	-0.0077339015	351.40024	-0.04038715	-18.721512	0.7733865	0.047858104	0.2875	19578.69280219078
121	73.86667	47.457867	113.0	2.0	1782.6	30.092728	19.43011	104.19466	-3.650595	292800	-0.007182052	353.6665	-0.034147076	-19.364517	0.718205	0.047130853	0.2325	19756.108372449875
122	80.933334	45.90057	113.0	2.0	1879.2667	41.251816	26.83082	126.850174	3.5550601	295200	-0.007182325	261.1423	-0.039081436	-13.627927	0.71823055	0.044259775	0.25541666	19943.025595664978
123	86.35714	43.63257	113.0	0.0	1942.2142	38.8397	23.531132	124.50873	11.927227	297600	-0.007903102	352.73218	-0.035913613	-30.984648	0.79031175	0.047434837	0.2675	20129.78848218918
124	92.23077	38.979588	112.0	0.0	1864.8462	40.050846	22.09762	120.7816	5.5589705	300000	-0.0075609013	340.57092	-0.035716865	-45.78749	0.75609016	0.04647885	0.22874999	20299.001811504364
125	68.333336	50.150883	112.0	3.0	1805.5555	49.763897	23.52224	127.085976	9.837218	302400	-0.006805898	603.309	-0.03448297	-128.17421	0.68059176	0.051759172	0.27583334	20493.063856601715
126	56.916668	50.802658	111.0	3.0	2132.75	35.365227	14.621349	84.961006	8.348466	304800	-0.0071662962	699.5498	-0.03989506	-47.862396	0.7166297	0.04766788	0.23333333	20683.523483514786
127	93.53333	35.4718	111.0	0.0	1716.2	32.914898	17.507719	90.13505	6.1013184	307200	-0.0070085227	530.0992	-0.0329339	-12.686666	0.7008543	0.046551198	0.28041667	20860.915205717087
128	73.933334	48.47744	113.0	0.0	1857.7333	33.7556	18.276361	94.215576	6.6128073	309600	-0.0069524297	381.49612	-0.033387925	-16.728401	0.6952432	0.044688284	0.235	21047.160799980164
129	84.69231	42.818733	112.0	3.0	1891.6154	35.47666	19.56604	101.15525	1.6782583	312000	-0.0072969943	369.58615	-0.03286898	-17.184084	0.72969764	0.047160506	0.24333334	21223.94829559326
130	87.53333	42.56425	113.0	0.0	1712.6666	39.885395	20.672094	107.54384	8.165394	314400	-0.007020096	214.3194	-0.03584107	-34.593346	0.7020127	0.050357025	0.2275	21413.024914979935
131	92.71429	36.558033	112.0	0.0	1791.0	44.124504	21.776035	119.53139	19.113152	316800	-0.006394575	294.42343	-0.027317487	-21.362045	0.63945764	0.04526796	0.24458332	21589.380258083344
132	87.0	40.978043	112.0	0.0	1776.8667	47.408344	23.576942	113.23775	3.7506921	319200	-0.006271392	315.9913	-0.026215546	-26.595383	0.6271394	0.04178676	0.2425	21770.103302955627
133	87.666664	40.470016	112.0	4.0	1845.9333	43.823994	22.251274	104.371704	18.237343	321600	-0.0060316822	227.86632	-0.026775593	-16.550812	0.6031688	0.0374594	0.24708335	21949.149567604065
134	91.76923	36.686096	111.0	6.0	1894.6154	35.313896	17.237673	100.29408	15.629568	324000	-0.0063509345	314.96628	-0.032865558	-35.40463	0.63509506	0.04935199	0.21333332	22133.859060764313
135	86.0	39.889847	112.0	0.0	1699.8667	43.291428	23.204979	109.71288	17.211304	326400	-0.0062610707	263.1395	-0.026367858	-10.39261	0.6261031	0.04219669	0.26624998	22324.70925092697
136	78.28571	44.480217	113.0	3.0	1749.5714	38.829506	19.901997	111.89566	3.3938978	328800	-0.006146744	375.3986	-0.027008444	-13.975098	0.6146715	0.045447547	0.22250001	22497.971331596375
137	78.21429	45.872772	113.0	1.0	1716.3572	35.750496	19.577522	95.436066	6.4870367	331200	-0.0060044923	289.36316	-0.025660956	-20.283188	0.60044545	0.045886505	0.22874999	22690.027423143387
138	76.3125	48.02697	113.0	0.0	1709.5625	36.91433	21.83	99.48493	-1.2289455	333600	-0.0064093918	370.96378	-0.030022101	-30.064795	0.6409409	0.045386035	0.23875003	22876.931798696518
139	84.69231	43.577312	112.0	3.0	1864.2307	35.01821	20.16871	108.46191	-4.029585	336000	-0.0066272616	301.2888	-0.03072801	-28.168188	0.6627261	0.038339857	0.24125	23063.43364930153
140	69.3125	50.972687	112.0	0.0	1677.5625	38.547657	22.06266	104.36188	-3.9507136	338400	-0.006364297	245.52312	-0.028290873	-21.837862	0.63643336	0.045052063	0.24291666	23247.031410217285
141	107.21429	3.5087354	112.0	100.0	1857.4286	42.82017	23.715302	113.70266	8.668454	340800	-0.006480433	189.96161	-0.02719412	-23.601318	0.6480437	0.046481464	0.23583333	23424.067255735397
142	92.07143	35.73007	113.0	5.0	1842.9286	47.436974	20.597992	108.85469	20.521708	343200	-0.0062897503	329.85593	-0.027876966	-21.564173	0.6289739	0.04959539	0.22291668	23598.092701673508
143	67.4	48.628937	111.0	0.0	1869.8	40.28901	18.475176	97.758606	10.302737	345600	-0.006506602	513.2436	-0.031641863	-57.115887	0.6506599	0.035361294	0.2025	23790.56987762451
144	100.84615	26.852436	113.0	9.0	1848.3846	32.85162	17.283974	88.22174	6.501475	348000	-0.007146264	287.42892	-0.034285825	8.462531	0.7146268	0.0484018	0.22583334	23962.28932571411
145	88.0	40.705444	113.0	0.0	1767.6666	32.420082	16.435125	78.89945	13.611786	350400	-0.0065855086	361.63028	-0.033832464	-73.01165	0.65855104	0.0507582	0.235	24143.92408680916
146	79.14286	46.0696	113.0	0.0	1867.7142	36.137222	18.529013	86.11816	8.011557	352800	-0.006898763	298.95938	-0.032945238	-13.909799	0.6898775	0.0489359	0.20833333	24320.617657899857
147	100.61539	27.00581	113.0	8.0	1821.6923	47.56935	27.056194	119.537094	10.160618	355200	-0.006782497	385.03983	-0.029870192	-20.39503	0.6782505	0.04676251	0.23083334	24493.499853610992
148	94.53333	34.166	113.0	5.0	1759.6666	47.09212	25.78802	109.96254	17.712626	357600	-0.006475687	197.11617	-0.025797429	-17.5647	0.64757013	0.045131907	0.22333331	24670.609234571457
149	94.21429	35.018726	113.0	6.0	1867.7142	38.36782	20.708303	106.08846	16.59986	360000	-0.0068888566	242.41435	-0.030693995	-9.123235	0.68888265	0.046728805	0.2591667	24845.808370113373
150	92.61539	34.892227	111.0	10.0	1903.3846	40.369106	20.989824	100.74768	8.494713	362400	-0.0065636635	549.4267	-0.025553828	-19.989368	0.6563691	0.04641663	0.23916668	25042.429682016373
151	68.066666	50.287796	113.0	1.0	1783.6	38.21447	19.980253	100.739845	13.88779	364800	-0.0065795653	426.17386	-0.034448266	-20.330935	0.6579545	0.04773308	0.24541669	25225.16651034355
152	87.0	41.225857	113.0	6.0	1882.5714	35.414825	19.443785	101.59597	8.567223	367200	-0.0064049414	272.21094	-0.032340635	-8.249196	0.6404925	0.03595204	0.22375	25409.332263946533
153	84.15385	42.440628	113.0	3.0	1813.0	36.619576	18.338919	90.11965	9.559452	369600	-0.0063554794	209.57117	-0.03072969	-21.985987	0.6355482	0.04870333	0.24333334	25606.99123764038
154	89.70588	38.837166	112.0	2.0	1732.7059	42.687134	23.06175	115.456726	10.358572	372000	-0.006106896	428.50723	-0.028472876	-10.814893	0.6106908	0.050325196	0.23083334	25784.656138896942
155	77.46154	46.207916	111.0	6.0	2049.3845	38.45798	17.670086	92.34254	10.028629	374400	-0.005647145	344.61905	-0.030214384	-18.997763	0.5647153	0.04610941	0.22791666	25976.809171915054
156	84.70588	42.50642	113.0	0.0	1786.7059	37.411858	19.310255	92.331154	16.04559	376800	-0.0057745413	422.68643	-0.02875516	-20.006746	0.5774534	0.048688922	0.22541666	26157.302462100983
157	74.833336	48.61727	113.0	5.0	2077.8333	38.652435	18.996632	110.78475	16.665747	379200	-0.0055989823	599.69037	-0.02672956	-22.982416	0.5598987	0.0448827	0.25250003	26355.337886095047
158	55.61111	51.818207	112.0	0.0	1703.5555	32.064552	17.144884	84.98306	-8.384374	381600	-0.006275691	596.56854	-0.03785954	-42.547417	0.6275683	0.044747368	0.2325	26542.352479457855
159	75.583336	48.379505	113.0	4.0	2066.25	29.795483	16.586922	81.0865	-5.6596465	384000	-0.0059106946	387.8771	-0.029568868	-27.084673	0.5910649	0.041763168	0.21916668	26745.857957839966
160	56.666668	49.88097	113.0	0.0	1665.1111	29.417904	16.301682	94.38855	6.6158104	386400	-0.005629435	576.80206	-0.026130555	-20.826517	0.5629471	0.04798533	0.19916666	26925.369992733
161	82.166664	44.405018	110.0	4.0	2010.25	33.81643	19.374758	95.87985	3.8190186	388800	-0.0062125623	441.14185	-0.029769605	-23.685854	0.6212563	0.039504517	0.21375	27115.396390914917
162	101.411766	24.779163	113.0	4.0	1659.6471	40.837055	20.877224	90.75388	14.905422	391200	-0.006034603	184.6477	-0.03126472	-63.22729	0.6034578	0.03612191	0.21249999	27293.298966646194
163	85.38461	41.222733	112.0	7.0	1995.7693	40.75378	19.888403	100.223236	11.120415	393600	-0.0061288676	470.50113	-0.026605627	-27.244642	0.61288756	0.04819582	0.23958333	27485.63890028
164	86.78571	41.158543	113.0	7.0	1697.3572	37.894382	17.805672	100.31149	17.40032	396000	-0.005962968	409.84854	-0.032499623	-25.576035	0.5962954	0.05088396	0.24249999	27663.466969251633
165	89.5	39.26035	113.0	7.0	1782.375	42.862106	24.706491	127.10821	11.760545	398400	-0.006365309	325.17407	-0.031295467	-24.916534	0.6365312	0.046761412	0.24458335	27849.3277695179
166	83.583336	44.483067	113.0	4.0	2013.8334	38.869003	24.67709	115.26831	9.368064	400800	-0.006530469	170.84413	-0.030273959	-14.512532	0.6530494	0.04185309	0.19041665	28028.20060133934
167	86.21429	41.877678	113.0	4.0	1702.5	36.38241	20.692814	105.86408	12.957706	403200	-0.0068338164	409.2028	-0.03220609	-22.937658	0.68337756	0.045991067	0.26333332	28205.092029094696
168	86.14286	42.033756	113.0	0.0	1750.6428	40.260555	21.90618	103.59628	17.023153	405600	-0.0065688193	176.47908	-0.025502803	-14.134074	0.6568826	0.03435789	0.20333333	28383.815263986588
169	108.64286	3.9207714	113.0	100.0	1772.7858	39.07687	22.216434	113.824646	7.1763678	408000	-0.0068041696	303.9329	-0.03340849	-48.42169	0.6804181	0.037478633	0.22958334	28554.28782057762
170	81.333336	42.858944	113.0	4.0	1764.9166	43.61368	22.416513	113.1912	1.1887659	410400	-0.0065675476	286.54407	-0.026755529	-12.26802	0.65675616	0.03520118	0.21416669	28735.322417020798
171	95.117645	31.793234	113.0	9.0	1638.7059	41.42813	22.817991	115.14234	0.2787984	412800	-0.0067755603	411.9996	-0.025722101	-23.978134	0.67755574	0.046933204	0.21041667	28907.944542884827
172	102.0	27.607134	113.0	7.0	2035.5385	41.645138	19.090061	99.23207	17.42646	415200	-0.006922414	232.67303	-0.028040828	-23.522257	0.692245	0.041733876	0.21375	29086.492384910583
173	92.84615	35.19582	111.0	9.0	1848.0769	45.428898	21.120413	121.907906	12.883366	417600	-0.0067797997	287.92563	-0.022782147	-24.22246	0.67797655	0.04638335	0.25125	29258.10263800621
174	81.066666	44.11117	113.0	1.0	1771.6	40.857246	21.762205	106.46777	6.030184	420000	-0.0066190413	284.4264	-0.028494397	-13.208687	0.6619037	0.036529645	0.2275	29436.977798700333
175	85.78571	42.355938	112.0	4.0	1883.4286	37.358185	20.127485	100.851654	4.7870493	422400	-0.0070996485	236.79382	-0.03498631	-18.119028	0.7099652	0.04749431	0.25333333	29621.512610197067
176	60.705883	50.512394	112.0	2.0	1900.0588	36.48427	21.321007	114.093185	5.091072	424800	-0.007650157	549.68134	-0.03383862	-48.054073	0.7650149	0.04868259	0.245	29815.833778858185
177	61.153847	51.137592	111.0	2.0	2100.3076	26.414045	13.266148	81.516884	7.6346974	427200	-0.008088668	540.4792	-0.035979796	-15.052783	0.80886585	0.04813862	0.32541665	29997.654742002487
178	87.066666	41.51059	113.0	2.0	1818.6666	35.23528	21.177864	100.3666	7.6217103	429600	-0.0068514943	359.80557	-0.035809245	-38.03484	0.68514603	0.044709872	0.2275	30190.011866807938
179	80.53333	45.663795	112.0	1.0	1827.5333	42.148033	24.224915	119.18292	15.166908	432000	-0.006329643	396.04385	-0.02757928	-29.08496	0.6329616	0.04651915	0.21083333	30364.72472858429
180	60.153847	50.50643	110.0	1.0	1888.5385	37.096348	19.098757	110.36679	14.193864	434400	-0.0062125474	637.2596	-0.026552813	-76.07856	0.6212558	0.03897192	0.21291666	30553.358711004257
181	75.5	46.642254	112.0	0.0	1677.25	34.060787	17.771906	101.08663	9.500467	436800	-0.0063180774	446.23178	-0.02786929	-28.229698	0.63180643	0.039017607	0.21875	30726.589574098587
182	93.64286	35.919765	113.0	4.0	1888.2858	33.02555	17.156794	92.82765	11.392364	439200	-0.006320154	359.17203	-0.032550227	-83.33981	0.6320142	0.04109207	0.22958334	30908.73088169098
183	88.625	38.38599	112.0	7.0	1855.375	39.05405	21.027304	105.12435	15.430862	441600	-0.005942752	311.5493	-0.03325649	-16.312283	0.5942733	0.047205627	0.20833333	31094.31213092804
184	56.5	50.86221	111.0	2.0	2026.6428	38.69836	19.654055	109.68203	16.855377	444000	-0.0057233176	622.5256	-0.028608372	-67.107025	0.5723336	0.03616007	0.22625001	31284.61194229126
185	73.53333	47.883007	112.0	2.0	1801.2	35.0766	19.724007	102.06182	7.521039	446400	-0.0058867433	459.53018	-0.025782945	-12.077617	0.5886735	0.04661419	0.24458332	31466.134432792664
186	81.2	44.603737	113.0	4.0	1872.4667	32.185158	19.861769	97.07968	9.5250635	448800	-0.0053381324	289.52823	-0.021783866	-20.864496	0.53381664	0.048778046	0.20833333	31657.88789844513
187	71.57143	48.10957	111.0	5.0	1902.5	35.997646	23.554802	102.55015	-2.2514882	451200	-0.004821807	557.34393	-0.016850652	-22.181448	0.48218074	0.03243482	0.14666666	31839.395085573196
188	60.4	51.25856	113.0	0.0	1849.2	37.408962	24.084469	117.01051	-3.1633394	453600	-0.004711186	569.5961	-0.018552594	-50.447887	0.47111425	0.045521453	0.17041667	32037.498059034348
189	59.294117	49.51977	111.0	3.0	1894.2354	32.973644	19.114325	122.44644	6.2001176	456000	-0.004894346	770.445	-0.031089837	-59.765797	0.48943567	0.038459525	0.19083333	32226.200877666473
190	100.833336	27.187109	113.0	11.0	2090.1667	28.942636	16.42456	78.17033	4.163426	458400	-0.0050733634	397.18555	-0.027209088	-2.6588135	0.5073356	0.0392999	0.20041668	32416.13888168335
191	65.23529	49.735218	112.0	1.0	1696.7646	28.896494	17.176744	88.75287	5.2045445	460800	-0.004834833	502.33212	-0.024829589	-21.14044	0.48348093	0.03726961	0.18083334	32599.441623687744
192	92.69231	36.916504	113.0	4.0	1920.3077	34.282215	18.46663	94.0632	5.0272403	463200	-0.005084271	390.4462	-0.021941364	-33.346027	0.5084289	0.030520545	0.15291665	32792.38071227074
193	67.22222	48.172787	111.0	1.0	1725.5	35.595215	19.727179	114.84713	2.197013	465600	-0.0057498016	734.90894	-0.026004246	-5.489376	0.57498187	0.034981247	0.22125001	32985.49892473221
194	72.5	47.853573	111.0	5.0	2031.1428	33.76359	17.328188	91.92975	2.2345414	468000	-0.0059978045	562.99194	-0.029758343	-18.300735	0.59978265	0.048314143	0.25375	33172.48119974136
195	56.375	50.738144	112.0	2.0	1851.6875	32.671597	16.325047	95.97364	10.130108	470400	-0.0057427683	533.1434	-0.032264795	-18.926691	0.57428044	0.048670907	0.24249999	33346.93103599548
196	63.57143	50.274555	111.0	1.0	1967.6428	32.82136	18.659138	96.80771	2.8418276	472800	-0.0049351505	526.9866	-0.026784534	-23.852835	0.49351284	0.037907448	0.17666666	33534.65280985832
197	62.625	50.80585	111.0	0.0	1822.0	30.637617	19.43416	99.08126	3.9773588	475200	-0.004721109	444.23608	-0.028538719	-37.323185	0.47211397	0.043254178	0.17083335	33716.24811244011
198	75.3125	47.35203	112.0	3.0	1930.25	35.281868	18.410324	92.506386	12.443426	477600	-0.0042278864	904.6191	-0.018182049	-53.68706	0.4227874	0.03354929	0.14791667	33899.6625187397
199	64.78571	49.841434	113.0	4.0	2026.6428	30.887524	14.826755	102.08826	10.18266	480000	-0.004675468	603.8437	-0.017025642	-40.428883	0.4675485	0.047776636	0.165	34087.38998794556
200	81.75	43.762856	113.0	3.0	1803.125	33.349342	18.662956	95.829216	2.8417988	482400	-0.004350225	550.1488	-0.018640509	-39.526962	0.4350233	0.050502043	0.23625	34274.64895057678
201	78.35714	46.8182	112.0	2.0	1879.7142	37.126614	21.122534	100.17511	1.7836705	484800	-0.003275464	509.22754	-0.013322656	-28.143724	0.3275462	0.04477116	0.15041666	34464.947530031204
202	88.0	39.722473	113.0	0.0	1780.75	33.41477	17.760162	93.87107	10.81846	487200	-0.0033420026	484.98047	-0.015182608	-57.788235	0.33420238	0.028971886	0.111250006	34656.13472366333
203	73.13333	48.642735	110.0	2.0	1861.7333	40.69001	16.92134	107.00651	4.1622458	489600	-0.003407975	425.78223	-0.015624166	-36.44125	0.34079978	0.029674739	0.15291667	34844.56345701218
204	80.4	45.298714	113.0	1.0	1862.6	42.384056	21.519873	113.879654	15.262667	492000	-0.0037274759	383.67093	-0.017046614	-23.644037	0.37274742	0.030389518	0.14458333	35035.42498254776
205	87.2	41.379868	112.0	3.0	1843.9333	41.190468	22.081446	110.34615	14.317769	494400	-0.004208714	346.1538	-0.019358622	-28.267511	0.42086878	0.03119226	0.14999999	35220.783858299255
206	79.53333	44.926407	112.0	1.0	1841.4667	41.10708	18.10262	97.52573	15.95186	496800	-0.0042898753	276.42844	-0.019799588	-22.197515	0.42898917	0.042909276	0.20666666	35410.90566277504
207	79.86667	44.41151	110.0	0.0	1774.6666	35.775314	17.743908	112.2315	12.60472	499200	-0.00428804	282.31732	-0.023599312	-29.32076	0.42880276	0.033867434	0.17208333	35590.752613306046
208	88.1875	39.446514	112.0	3.0	1810.125	39.735477	21.250206	113.44507	12.961427	501600	-0.004510308	375.3613	-0.025224889	-19.361498	0.4510261	0.0445215	0.19958334	35776.886514663696
209	64.78571	50.010254	112.0	0.0	1886.0	41.22166	21.392536	124.63244	5.2625904	504000	-0.004491724	449.83545	-0.029213691	-98.9766	0.44917226	0.0461332	0.18416667	35967.10409259796
210	64.47059	49.887074	111.0	0.0	1758.2941	37.629288	21.428413	105.667984	3.9015884	506400	-0.0043462017	310.54367	-0.024774043	-29.72854	0.4346222	0.028806522	0.15625	36160.8614256382
211	94.26667	33.570755	112.0	6.0	1988.0667	34.94465	21.626854	101.52164	8.4390335	508800	-0.0041942843	415.86987	-0.020361943	-45.893085	0.4194262	0.027321292	0.14041667	36348.90642142296
212	74.73333	48.15872	112.0	2.0	1963.5333	34.26334	18.831728	99.77103	15.061489	511200	-0.004213825	486.9598	-0.020358142	-15.629191	0.42138037	0.0321146	0.17708333	36529.58263349533
213	79.64286	46.502853	113.0	1.0	1927.4286	37.962128	18.934319	97.83781	13.058581	513600	-0.0042310604	432.89526	-0.01745749	-20.121859	0.42310748	0.04830722	0.1525	36715.791835308075
214	63.1875	49.539402	110.0	0.0	1828.625	34.783546	18.021954	99.79564	8.468687	516000	-0.0041962266	519.6049	-0.016854087	-26.367302	0.41962203	0.026256412	0.13666667	36897.54254746437
215	72.28571	49.04579	112.0	2.0	1962.4286	33.08642	19.255281	100.15088	3.8755918	518400	-0.0042164377	681.09985	-0.020957628	-38.475044	0.4216437	0.0351603	0.16333333	37090.161200761795
216	82.1875	43.301586	113.0	2.0	1794.875	35.068428	20.638824	99.78078	9.744171	520800	-0.0042484053	409.35925	-0.020581195	-34.37943	0.4248413	0.03368294	0.15875	37269.27037858963
217	77.23077	46.899487	113.0	4.0	1921.6923	35.6113	17.138144	104.54345	9.943882	523200	-0.004515787	476.52487	-0.025854835	-58.42589	0.45157757	0.038156897	0.17500001	37445.80934762955
218	82.8125	46.63585	113.0	0.0	1741.5	44.530605	24.377365	117.99277	15.8786	525600	-0.00423507	174.6309	-0.02061594	-26.74823	0.42350945	0.027841575	0.16291668	37620.65285897255
219	93.07143	35.637993	111.0	3.0	1881.8572	40.636585	18.747885	107.82408	14.390491	528000	-0.0041632378	208.95367	-0.02105303	-39.77889	0.41632476	0.03033715	0.15458333	37797.73685622215
220	82.4375	43.706364	113.0	4.0	1829.1875	40.162964	19.49303	107.53447	13.439666	530400	-0.004277756	307.80072	-0.021416932	-32.817955	0.4277755	0.029272554	0.14999999	37984.52949118614
221	87.07143	41.56486	113.0	7.0	1973.2142	41.38327	22.419472	124.973274	11.249136	532800	-0.0037211354	675.9804	-0.016867287	-41.3072	0.37211415	0.034553286	0.145	38175.35481119156
222	87.86667	41.907623	113.0	0.0	1837.6	41.50464	23.94723	117.22606	6.4579396	535200	-0.003927278	407.2305	-0.016356668	-45.67619	0.3927258	0.04084681	0.16708334	38360.23225545883
223	101.57143	25.990973	113.0	9.0	1889.2858	43.434303	18.54738	103.22671	13.658595	537600	-0.004165776	266.31372	-0.019746048	-40.747334	0.4165778	0.041139014	0.17833333	38542.330095767975
224	80.46667	45.21337	113.0	4.0	1778.6666	50.696068	23.251867	118.40527	18.542053	540000	-0.0037051886	506.71713	-0.015963793	-119.162476	0.3705202	0.032227103	0.16208333	38724.71404981613
225	79.28571	45.90118	112.0	0.0	1832.4286	42.87416	22.076477	105.51261	14.346419	542400	-0.004019717	454.2604	-0.013711278	-42.714947	0.40197238	0.02484987	0.15458333	38916.680612802505
226	82.5625	42.20185	113.0	7.0	1761.6875	34.59585	17.991287	86.79301	11.761666	544800	-0.004222634	375.61255	-0.02130591	-8.235611	0.42226148	0.030890366	0.14083333	39106.10969829559
227	86.5	42.701202	112.0	0.0	1873.2858	37.22736	18.698246	90.9637	13.556792	547200	-0.003965954	343.30322	-0.018471157	-23.388466	0.39659476	0.037487533	0.17583334	39288.71156024933
228	82.0625	44.25702	112.0	1.0	1801.5	39.99915	18.68267	100.77717	16.311987	549600	-0.0040726042	439.4584	-0.019561194	-21.43393	0.40725935	0.03164951	0.17833333	39476.69946336746
229	94.21429	35.004448	113.0	7.0	1972.8572	39.267853	19.7939	102.1155	15.056001	552000	-0.0041680187	282.58176	-0.014450483	-13.653259	0.41680267	0.01800065	0.11625	39660.223806619644
230	73.73333	47.958965	113.0	3.0	1853.6666	41.98833	19.909243	103.36314	17.7446	554400	-0.00408568	527.1036	-0.01898744	-37.46929	0.4085684	0.03597298	0.16333334	39851.665875434875
231	87.2	41.76793	113.0	2.0	1897.2667	34.70562	18.201502	91.743576	13.24493	556800	-0.0046686926	615.4099	-0.021156706	-16.071344	0.46686664	0.039122283	0.16875	40052.24138879776
232	76.84615	45.36662	113.0	6.0	1924.8462	36.46713	18.032925	96.141464	8.589947	559200	-0.004741043	375.75278	-0.021235263	-13.964322	0.47410485	0.03374167	0.16958334	40246.203166246414
233	69.75	49.122932	112.0	0.0	1725.625	37.58699	19.67924	99.04756	14.749214	561600	-0.004999757	406.61057	-0.02258131	-33.454277	0.4999741	0.030733893	0.17875	40435.46809506416
234	66.14286	51.332054	113.0	4.0	1906.5	30.375826	16.507267	87.792015	10.473557	564000	-0.005264511	542.0322	-0.03104432	-45.612564	0.5264511	0.038657736	0.185	40636.51646780968
235	78.85714	44.818455	113.0	6.0	1771.8572	32.114586	17.123482	90.829475	9.974309	566400	-0.004858782	274.37808	-0.022449523	-35.95918	0.48588064	0.036293816	0.17916667	40823.57835030556
236	75.9375	46.51407	113.0	0.0	1733.125	36.967213	19.981625	103.93784	9.278618	568800	-0.004405921	588.03955	-0.015079595	-31.023819	0.44059268	0.031262804	0.13166666	41007.78792452812
237	86.78571	41.831596	113.0	6.0	1871.6428	35.422554	19.574556	97.67267	9.191493	571200	-0.0041772127	248.88629	-0.022378512	-23.286364	0.41772032	0.03468632	0.18499999	41208.22347211838
238	100.42857	25.064816	112.0	11.0	1802.4286	39.146435	20.76571	108.35991	10.960871	573600	-0.0040197573	213.06148	-0.018805765	-40.75037	0.4019731	0.03447642	0.14541666	41399.357373952866
239	80.6	45.257484	112.0	0.0	1761.2667	46.3915	22.396532	121.34955	19.42752	576000	-0.00394016	634.30347	-0.01681944	-61.470974	0.3940183	0.02582171	0.1425	41591.373624801636
240	93.57143	36.539047	113.0	2.0	1834.2858	40.20449	21.441778	105.605995	11.535338	578400	-0.0038263674	416.38565	-0.014150982	-24.917368	0.38263437	0.041703824	0.165	41771.860405921936
241	99.92857	25.217524	113.0	10.0	1803.0714	41.031372	19.917898	103.07277	13.454069	580800	-0.0033011436	314.39926	-0.010053814	-19.452967	0.33011281	0.01668597	0.10999999	41954.826397657394
242	101.46667	27.312675	113.0	0.0	1761.9333	46.994747	22.66138	113.907715	19.765171	583200	-0.0030175422	78.86105	-0.009991383	-12.90813	0.30175218	0.029072866	0.11541667	42135.60146212578
243	79.85714	47.62631	113.0	0.0	1857.2142	47.796627	20.53193	112.04915	21.372095	585600	-0.002863668	454.12436	-0.009861127	-42.695255	0.28636718	0.02834556	0.11916667	42320.122087955475
244	94.8	35.378338	112.0	5.0	1768.2667	46.35592	21.317736	98.15289	19.68347	588000	-0.0026255448	330.69724	-0.011801645	-24.172968	0.26255146	0.03206444	0.13708332	42510.26673555374
245	93.73333	33.673862	113.0	7.0	1849.6666	41.679394	17.028624	97.11102	17.818966	590400	-0.0024244238	207.01854	-0.007544393	-31.429039	0.24244474	0.030620918	0.10541666	42693.68189120293
246	108.61539	3.1510305	113.0	103.0	1917.6923	43.078564	20.149902	104.85192	15.263265	592800	-0.0021887247	112.25901	-0.006029039	-31.782164	0.21887755	0.01629713	0.069583334	42876.291733026505
247	94.4375	33.05293	112.0	7.0	1762.4375	50.728966	23.924488	111.628174	21.189466	595200	-0.0019825946	397.1704	-0.004206506	-42.915157	0.19826286	0.00589426	0.043333333	43073.47336626053
248	94.35714	36.017075	112.0	4.0	1950.3572	42.364334	20.709358	103.169754	15.792679	597600	-0.0017865002	357.2308	-0.004958034	-10.611163	0.17865135	0.014647055	0.08833333	43258.173782110214
249	87.21429	41.817936	113.0	6.0	1846.0714	41.36643	19.477201	100.72611	9.897443	600000	-0.0018180063	405.2538	-0.0045344033	-26.46021	0.18180259	0.014348526	0.054166663	43451.31557941437
250	108.46667	4.12903	113.0	100.0	1756.2667	44.92647	19.880934	100.346954	16.107145	602400	-0.0014851987	66.75518	-0.010770648	-13.699164	0.14852022	0.013186843	0.07458333	43627.75425720215
251	101.5	25.024988	112.0	12.0	1858.8572	46.71581	18.36518	102.399574	14.764173	604800	-0.0016514659	190.51143	-0.007214498	-26.346695	0.16514403	0.07645162	0.08375001	43803.93768143654
252	101.28571	25.3079	113.0	11.0	1757.8572	49.25032	23.088923	109.301926	20.516056	607200	-0.001224637	98.84418	-0.004153487	-3.9963207	0.122463994	0.015726743	0.045416668	43991.37325358391
253	89.9375	37.859062	113.0	10.0	1766.0	46.401646	23.154747	106.68037	13.31239	609600	-0.0010243455	339.3259	-0.0034529578	-38.97293	0.10243537	0.013242029	0.06458333	44183.0940554142
254	94.23077	38.322826	113.0	3.0	1888.3846	44.906845	21.10039	95.70757	12.104461	612000	-0.0010831753	199.11913	-0.0026507203	-4.38812	0.10831668	0.011772019	0.065416664	44376.607972860336
255	101.13333	26.527637	113.0	3.0	1690.4	44.278877	20.612986	93.989975	14.187405	614400	-0.0011945367	64.36807	-0.0011776676	-15.255051	0.119454764	0.008399267	0.024583334	44560.589376449585
256	94.14286	34.597393	113.0	9.0	1770.2858	46.380337	19.51454	104.33276	14.253975	616800	-0.0009882251	419.64062	-0.0026153948	-12.420817	0.098821245	0.0035381608	0.009166666	44741.21350646019
257	88.86667	39.16779	113.0	8.0	1729.0	46.84846	19.919025	94.6377	20.454952	619200	-0.0009407401	397.33398	-0.0022533264	-24.254515	0.0940708	0.0043025003	0.042083334	44933.9090423584
258	109.26667	4.202645	113.0	100.0	1827.6666	37.908527	18.331902	89.82916	17.452038	621600	-0.0010215938	191.4627	0.0007468434	-15.198177	0.10216283	0.004540695	0.05125	45114.309824705124
259	93.53846	37.655556	113.0	5.0	1888.7693	43.761406	20.333277	93.12392	17.284218	624000	-0.0012065768	241.54918	-0.0031765054	-5.4303956	0.12065681	0.005227927	0.029166669	45296.823524713516
260	102.13333	24.229092	113.0	13.0	1697.4667	43.05559	20.614094	96.420006	18.65208	626400	-0.0014467636	172.65999	-0.00332118	-10.074253	0.14467674	0.009787119	0.035	45470.840542554855
261	101.71429	25.529894	113.0	11.0	1791.3572	42.85586	18.965717	101.20545	12.10876	628800	-0.001289626	110.35325	-0.0034889586	-18.034666	0.12896283	0.009242928	0.037916668	45659.329295396805
262	95.46667	33.777443	113.0	7.0	1696.9333	52.586895	23.170801	113.87005	22.088232	631200	-0.001047877	261.39807	-0.0022858952	-21.485565	0.10478731	0.004241725	0.0325	45839.827958106995
263	96.066666	33.489235	113.0	10.0	1827.4667	44.282513	21.223835	108.04954	20.282598	633600	-0.000987649	323.29596	-0.0013573071	-9.632575	0.09876448	0.0017857417	0.011666667	46015.14133167267
264	101.69231	27.736076	113.0	6.0	1886.0769	44.168545	19.312912	93.63102	18.723856	636000	-0.001271403	342.02856	-0.0027014695	-28.287384	0.12713861	0.0046150894	0.0425	46198.80383229256
265	103.05882	22.966652	113.0	13.0	1727.0	45.72748	21.18193	100.883026	20.662664	638400	-0.0011389455	382.5603	-0.0019090927	-37.45938	0.113894664	0.0074264575	0.061666667	46372.29869008064
266	102.333336	28.211502	113.0	9.0	2074.3333	52.162395	22.958984	115.78141	23.356222	640800	-0.001046403	177.44072	-0.0044160136	-0.7544279	0.104638964	0.013590799	0.05	46548.4771938324
267	88.13333	41.044476	113.0	2.0	1754.0667	50.79394	22.305374	110.83536	22.259823	643200	-0.000750944	429.4567	-0.00253075	-54.092327	0.07509318	0.003577794	0.014583333	46732.29849219322
268	102.53333	25.463348	113.0	9.0	1824.4	44.990795	22.516909	102.8659	19.237919	645600	-0.000748684	75.83329	-0.0017361114	1.0135328	0.07486824	0.0044841995	0.018333333	46909.78823018074
269	101.07692	26.724987	113.0	9.0	1876.0769	43.281036	19.625917	94.773	6.060881	648000	-0.0011017807	181.00092	-0.0020172999	-7.012716	0.110178314	0.005003122	0.020833334	47092.05963802338
270	72.588234	48.101677	112.0	2.0	1752.4117	44.05774	22.913988	111.27359	6.3817596	650400	-0.0013214946	458.26938	-0.004577167	-50.47879	0.1321502	0.010383806	0.03	47276.743153333664
271	102.083336	27.86114	113.0	10.0	2026.4166	39.550365	20.168592	107.38721	17.142456	652800	-0.0016156584	248.4048	-0.0039003333	-0.6533124	0.16156413	0.0149553055	0.07333333	47454.36582040787
272	109.14286	4.40547	113.0	100.0	1637.2858	45.256744	22.702898	108.02153	17.762175	655200	-0.001821965	142.02208	-0.0058460906	-36.688126	0.18219686	0.023725042	0.08958334	47625.560891866684
273	108.875	5.072906	113.0	100.0	1733.3125	48.26248	24.427252	116.86774	20.842716	657600	-0.0019073164	46.25237	-0.005436132	-7.6520634	0.19073148	0.0068686553	0.05666667	47800.29227018356
274	109.0	3.1885211	113.0	103.0	1906.4166	51.36397	21.38517	109.86575	22.353773	660000	-0.0022359926	23.885214	-0.009702865	-4.513104	0.22359963	0.02624675	0.10333333	47974.6309030056
275	91.05556	36.147034	112.0	10.0	1704.7222	50.68463	22.662178	108.23356	23.426088	662400	-0.0022817354	389.61978	-0.0076426044	-23.756157	0.22817194	0.025726365	0.08541667	48150.1466755867
276	78.92308	45.661736	112.0	8.0	2122.6924	46.336777	19.06558	98.91291	15.281339	664800	-0.002110819	527.34906	-0.009145158	-92.29739	0.21108127	0.035892952	0.08583333	48339.005791425705
277	87.53333	40.631462	113.0	4.0	1824.1333	41.94464	18.070118	91.11281	16.278536	667200	-0.0023254007	402.12802	-0.017024701	-4.5653768	0.2325387	0.046788786	0.10916666	48529.385461091995
278	101.0	25.928473	113.0	9.0	1844.5	40.875675	18.66872	91.21725	17.73751	669600	-0.0025548637	226.0808	-0.009769499	-23.448095	0.2554855	0.01878093	0.08125	48718.266968011856
279	82.875	44.162872	113.0	2.0	1778.0625	46.212032	20.095295	99.88336	20.166529	672000	-0.002129187	478.44254	-0.0061469697	0.6783692	0.21291614	0.02187738	0.08666667	48911.95783829689
280	88.6	39.936283	113.0	8.0	1911.4	44.93224	19.887718	99.48471	20.064728	674400	-0.0025891413	376.44385	-0.006740088	-21.28087	0.25891304	0.026084721	0.07125	49112.22921705246
281	86.57143	40.424026	112.0	8.0	1903.4286	38.6674	17.96671	93.07678	12.061415	676800	-0.0027949389	489.18076	-0.015136351	-13.945935	0.27949372	0.027550524	0.12958333	49298.85630059242
282	101.333336	25.257782	113.0	8.0	1796.1333	42.06826	20.169537	96.30129	17.120861	679200	-0.0027608771	176.31555	-0.010848497	-24.776169	0.2760885	0.028607069	0.109583326	49482.006207466125
283	93.85714	35.24173	113.0	7.0	1857.1428	46.760384	21.729086	106.77672	19.505579	681600	-0.0027111918	215.51018	-0.007874822	-15.536736	0.27111915	0.03249236	0.14166667	49671.25350189209
284	93.8	34.271854	113.0	6.0	1751.9333	43.227913	20.500273	100.22909	18.325327	684000	-0.00280343	338.9775	-0.005664361	-4.510994	0.2803418	0.02351514	0.12916666	49851.513328552246
285	94.6	33.593254	113.0	9.0	1847.0	42.982273	20.166378	102.42133	18.698841	686400	-0.0028199703	421.9818	-0.012300973	-12.787595	0.2819973	0.03722984	0.13083334	50038.85229706764
286	87.6	40.139427	113.0	6.0	1887.7333	44.34072	19.71882	98.88388	18.774134	688800	-0.0027142589	457.88516	-0.0074100047	-14.657978	0.27142534	0.03323097	0.112500004	50227.703302145004
287	81.73333	44.31624	113.0	3.0	1871.3334	38.1397	17.707094	88.28041	17.134808	691200	-0.0027710747	365.74966	-0.013583266	-12.418022	0.2771101	0.030208623	0.12041666	50434.55475497246
288	86.85714	42.19319	113.0	6.0	1884.6428	38.004337	17.190138	86.273285	16.90833	693600	-0.0033832788	528.4967	-0.012632524	-10.042533	0.33832708	0.04108623	0.12375	50630.16342878342
289	83.5625	43.90326	113.0	1.0	1769.0625	40.20298	18.489666	94.68953	19.03039	696000	-0.0033848237	436.9911	-0.016008234	-9.351802	0.33848166	0.034057062	0.14999999	50811.50897812843
290	92.61539	37.043716	113.0	5.0	1908.6923	41.288948	17.775757	92.74627	18.477812	698400	-0.0023866494	191.10803	-0.011371774	-6.0955157	0.2386636	0.018105213	0.07791666	50998.59472370148
291	90.588234	39.408955	113.0	1.0	1727.4117	40.302105	19.481255	96.36915	15.744472	700800	-0.0023183525	261.4699	-0.009307809	-12.104039	0.23183572	0.022149922	0.083333336	51185.047102212906
292	109.5	3.149074	113.0	102.0	1918.25	46.46355	21.161318	103.84197	19.056498	703200	-0.0020847395	26.189745	-0.008484547	-5.9472375	0.20847456	0.017761966	0.045	51358.31787657738
293	91.5	36.544113	113.0	9.0	1678.2222	47.029667	22.187574	110.190025	20.196829	705600	-0.0018989146	425.8826	-0.0076784245	-20.744236	0.18989557	0.011396006	0.0475	51530.99796438217
294	109.583336	2.1392496	113.0	106.0	2120.25	46.43763	22.04773	104.49732	13.574848	708000	-0.0018351475	44.625996	-0.0068016406	-1.8525796	0.18351586	0.010345559	0.057916667	51716.618436813354
295	94.666664	36.149075	113.0	1.0	1688.3334	46.83586	22.362894	105.04477	17.678822	710400	-0.0021272053	98.19645	-0.010629959	-4.5043488	0.2127204	0.03199108	0.0975	51896.690251111984
296	102.46667	27.65952	113.0	0.0	1818.2	45.533524	21.618177	104.999344	20.445679	712800	-0.0017017996	50.317554	-0.0036048468	-7.8934274	0.17018135	0.00984604	0.057083335	52082.42219209671
297	89.333336	41.44501	113.0	3.0	1916.7333	50.55303	21.102615	109.66071	22.022276	715200	-0.0017828643	424.7694	-0.01117339	-8.136163	0.17828351	0.03415569	0.07125	52270.48546075821
298	82.46667	44.624157	112.0	1.0	1895.4	45.992027	19.7851	105.35994	22.107723	717600	-0.001509726	499.2881	-0.0033732106	-50.521618	0.15097328	0.008290867	0.030416667	52454.45507526398
299	93.30769	35.88311	112.0	8.0	1880.0	41.28668	16.924828	93.07534	19.455324	720000	-0.0014383892	287.60934	-0.0043674377	2.5295322	0.14384067	0.007952414	0.035833333	52635.86727499962
300	84.94118	45.179993	113.0	0.0	1731.0588	44.51323	20.805109	95.388504	17.827883	722400	-0.0014674241	376.7417	-0.0035858136	-11.3380785	0.14674258	0.018129947	0.07874999	52828.624264240265
301	94.15385	36.426632	113.0	6.0	1988.2307	40.696445	16.216143	89.326294	19.350035	724800	-0.0013708323	205.03703	-0.0042249286	-5.349962	0.13708507	0.009527873	0.039583333	53008.79168224335
302	96.882355	33.932255	113.0	1.0	1802.5883	43.006935	17.660545	88.1611	21.056791	727200	-0.001695926	245.58308	-0.005108165	-30.514654	0.16959105	0.013812219	0.054999996	53188.24956417084
303	101.166664	28.489277	113.0	7.0	2022.4166	47.758163	18.66106	101.95479	23.14925	729600	-0.0016737431	219.66167	-0.0029597313	-2.5442212	0.16737312	0.012466889	0.0825	53374.22483921051
304	101.9375	24.309126	112.0	9.0	1704.25	50.691105	22.678444	110.46648	21.827015	732000	-0.0014943654	149.33243	-0.0033839305	-4.864548	0.14943618	0.011094148	0.07333333	53550.006090164185
305	94.14286	35.594658	112.0	5.0	1848.6428	42.667854	18.426397	98.6816	19.998426	734400	-0.0016462753	280.97366	-0.005736567	-8.299186	0.16462718	0.015783424	0.08041667	53739.81244921684
306	94.86667	34.308147	113.0	7.0	1758.9333	47.34994	21.706121	105.06283	20.075457	736800	-0.0013639728	254.58917	-0.004579723	-12.349968	0.13639708	0.013679084	0.05916667	53916.40287518501
307	108.8	4.308132	113.0	100.0	1833.1333	44.401726	22.011778	101.76347	17.890085	739200	-0.0010636201	54.905956	-0.0038253472	-16.665545	0.10636898	0.012497094	0.0325	54094.11554288864
308	109.57143	3.1783707	113.0	103.0	1919.8572	47.75751	22.73037	109.03035	18.99272	741600	-0.001003772	37.002056	-0.003425941	-10.6677065	0.10037706	0.010922178	0.04416667	54276.99461269379
309	102.35714	25.322512	113.0	12.0	1810.5714	51.23179	22.307835	107.79511	21.835564	744000	-0.0007413626	142.19882	-0.0015777746	-8.514769	0.0741337	0.0051172692	0.016250001	54453.93470311165
310	108.07143	4.317147	113.0	100.0	1747.2142	46.581223	20.8718	98.08186	20.977957	746400	-0.00080530596	45.25429	-0.002294883	-6.4207387	0.080531836	0.005255508	0.023333333	54628.149512290955
311	95.2	34.082645	113.0	6.0	1736.4	47.329422	20.548643	101.73478	21.682177	748800	-0.0006717543	272.93344	-0.0018732436	-2.2412477	0.06717654	0.008288532	0.022083333	54811.05226325989
312	109.13333	3.7214096	113.0	100.0	1808.8667	48.68651	22.208286	107.1383	20.951694	751200	-0.00047857562	32.187138	0.00023756425	-3.152607	0.047855716	0.01612012	0.02375	54988.80117344856
313	109.35714	3.59776	113.0	102.0	1851.9286	52.233345	23.450354	110.15465	21.579153	753600	-0.0003636231	6.9668326	-0.0025558074	-3.3575957	0.03636319	0.008088085	0.013333333	55165.80354166031
314	108.92857	3.7695072	113.0	100.0	1787.6428	49.74746	21.847668	102.99532	21.738195	756000	-0.00051027536	17.097776	-0.001846138	-1.8202095	0.0510271	0.0073228213	0.016666666	55344.664694309235
315	88.53333	40.149498	113.0	7.0	1791.5333	45.707134	19.2098	106.628784	15.768635	758400	-0.00047520548	346.7129	-0.0012398995	-12.761838	0.047520388	0.0039402586	0.012916666	55527.036375284195
316	108.92857	3.8998954	113.0	102.0	1880.2858	47.676258	20.973478	103.58996	21.459671	760800	-0.0006910463	64.057396	-0.0019183276	-3.852576	0.069105804	0.00998646	0.013749999	55712.550512075424
317	109.8	4.0857477	113.0	102.0	1863.0667	48.505215	21.750525	103.38226	21.517061	763200	-0.00046172738	51.71278	0.0013674349	-6.259154	0.04617411	0.020628976	0.013749999	55893.92290401459
318	94.61539	35.79114	113.0	10.0	1939.7693	51.21377	22.56075	109.14525	17.879284	765600	-0.00013763706	219.41988	-0.00014844288	-34.086468	0.013762853	0.0008066059	0.0025	56068.5866856575
319	94.5	34.100166	113.0	10.0	1726.0	48.213486	20.948494	100.48677	21.31015	768000	-0.00012830894	254.46825	-0.0005280711	-20.4299	0.01283091	0.0007494132	0.0033333332	56248.79911208153
320	83.625	44.46048	113.0	1.0	1731.5	41.991264	20.195787	91.177246	17.85774	770400	-0.00013221304	295.756	-0.0004728244	-21.198519	0.013216786	0.0012416412	0.004583333	56444.853603839874
321	88.14286	42.183033	113.0	4.0	1931.6428	36.35299	18.165983	84.52121	11.929562	772800	-6.4226486e-05	248.53772	-1.2358029e-05	-20.762617	0.006421216	2.5823712e-07	0.0	56631.85126709938
322	109.30769	3.1957812	113.0	103.0	1823.0	43.170727	20.737772	90.464294	17.181637	775200	-7.7436365e-05	106.38413	-0.00028724063	-43.555878	0.0077421577	0.00033761506	0.0016666666	56816.43358707428
323	101.75	23.559765	113.0	12.0	1714.1875	47.813988	23.308884	100.70943	20.424759	777600	-0.0001500547	72.56034	-0.000605685	2.4594896	0.01500499	0.00059067697	0.004166667	57000.61338043213
324	102.38461	26.339611	113.0	12.0	1861.7693	48.141125	21.606472	103.19513	20.681702	780000	-0.0002348274	144.3222	-0.00066901307	-2.3871279	0.023481974	0.0040419926	0.0070833326	57191.623789310455
325	91.411766	38.84215	113.0	4.0	1755.7059	47.526604	21.836828	101.16998	20.389696	782400	-0.00038538626	620.7899	-0.002780198	-6.0928597	0.038541004	0.0067854766	0.013750001	57371.75770354271
326	110.30769	2.1261961	113.0	104.0	2022.0	44.046696	19.425488	100.641884	20.298626	784800	-0.00026105097	83.70162	-0.0019948937	-15.80759	0.026101664	0.004430788	0.0075000003	57550.74988698959
327	82.86667	45.558556	113.0	3.0	1824.5333	46.535767	19.609716	107.1052	21.930767	787200	-0.00036309162	580.51605	-0.0022898156	-2.490423	0.03630695	0.0067341104	0.015	57726.487427949905
328	94.71429	38.516098	113.0	0.0	1876.7858	47.89621	21.394293	105.76794	21.748798	789600	-0.00024924925	115.31271	-0.0019465411	-6.32039	0.024923643	0.0034974169	0.0050000004	57906.11199569702
329	101.23077	26.547935	113.0	10.0	1756.4615	49.802994	20.524935	103.826065	21.637865	792000	-0.00031089783	76.26215	-0.000279023	-2.3323967	0.031088807	0.00046958015	0.0029166664	58093.459867954254
330	90.52941	40.46366	113.0	0.0	1673.4706	46.56415	19.59085	96.20363	21.724222	794400	-0.00029609105	188.18806	-0.0011005122	-4.9551396	0.029609017	0.013136531	0.029166669	58280.21216392517
331	102.30769	27.33379	113.0	8.0	1948.5385	45.28677	19.085888	94.816475	19.697254	796800	-0.0004949197	219.4812	-0.0005480315	-2.9520512	0.049492788	0.006158985	0.015416667	58471.55190849304
332	108.6875	3.7702577	113.0	102.0	1788.3125	48.387417	21.702236	105.89884	20.946589	799200	-0.00042142472	59.110195	-0.0024688493	-13.573894	0.042141777	0.007433996	0.032083333	58654.41665840149
333	109.76923	3.042111	113.0	102.0	2011.3846	49.3233	21.514084	109.12	22.626425	801600	-0.00033174953	52.165924	-0.00042235976	-6.7141356	0.033174485	0.0008541247	0.008333333	58840.00770735741
334	94.64286	35.52586	113.0	6.0	1811.8572	47.40651	20.629313	107.38975	20.687801	804000	-0.0003391107	196.42458	-0.00074199465	-3.0371885	0.033912424	0.003136335	0.0125	59029.39134860039
335	94.6	35.546776	113.0	2.0	1755.3334	44.843643	22.44725	102.92606	12.709749	806400	-0.0002658715	113.99535	-0.00015488763	-2.1139667	0.026587674	0.0011908254	0.005	59211.912711143494
336	102.21429	26.368753	113.0	8.0	1833.9286	49.039463	21.66153	103.92482	20.47712	808800	-0.00030087432	284.80676	-0.000117099225	-5.931251	0.030087167	0.0023158304	0.009583333	59397.15808033943
337	108.625	3.887078	113.0	100.0	1799.1875	51.35326	24.309357	110.85471	21.50957	811200	-0.00019542624	72.73892	-0.00013495609	-4.089359	0.019543698	0.00026314004	0.0020833332	59580.34877204895
338	102.46154	26.55217	113.0	11.0	2015.8462	48.29944	20.588612	104.92452	22.136484	813600	-0.00015288095	153.6534	-0.00074357045	-4.68278	0.015291474	0.0048317886	0.0020833332	59772.46720743179
339	96.13333	35.54315	113.0	2.0	1826.3334	46.377342	20.729174	102.87035	20.154755	816000	-0.00015151997	187.53821	-0.00019653018	-1.9269147	0.015152399	0.0007964135	0.0016666666	59958.58494377136
340	109.92857	4.1826906	113.0	101.0	1892.5	47.245064	21.995338	104.37825	21.664093	818400	-0.00017565985	40.37933	-0.00022900477	-3.9226103	0.017565845	0.00043575928	0.0025	60141.22672724724
341	80.78571	45.389076	113.0	6.0	1865.0714	48.439396	19.0296	104.7851	23.562689	820800	-0.00017265479	571.7342	-0.0009255372	-18.388647	0.01726597	0.0067035723	0.012916666	60335.26187682152
342	102.5625	23.743338	113.0	12.0	1787.0	49.08001	22.129158	101.25331	22.306656	823200	-0.00045330822	129.29716	-0.00023660064	-1.7793102	0.04533388	0.0005133176	0.00375	60508.468462228775
343	86.61539	42.22201	113.0	8.0	1991.2307	43.618263	20.025742	97.12933	19.946362	825600	-0.00045176348	216.66624	0.003862135	-17.225517	0.04517817	0.009456027	0.045416668	60695.49783349037
344	102.333336	25.008444	113.0	10.0	1776.4	43.74989	21.678188	97.15475	17.326132	828000	-0.00023209304	125.55817	-0.00072775176	-4.106358	0.023206318	0.04945467	0.00625	60872.8461792469
345	95.42857	34.06656	113.0	12.0	1850.6428	41.44735	20.395681	102.445335	18.0273	830400	-0.00027300915	259.93457	-0.0008878882	-1.1137466	0.027301267	0.0033820297	0.008333334	61048.693212509155
346	109.07692	3.5617962	113.0	100.0	1751.9231	47.95749	22.587572	104.89722	19.149694	832800	-0.00031066375	33.198467	-0.00082625356	-5.650908	0.03106533	0.0022938403	0.014583333	61227.29372215271
347	108.29412	4.5731277	113.0	100.0	1693.7646	46.511803	22.213432	107.44824	19.944525	835200	-0.00018686056	109.49229	-0.00021242148	-18.677809	0.018686311	0.002395239	0.005	61414.800334215164
348	102.53846	27.159403	113.0	9.0	2011.6154	52.59125	22.661497	112.152306	23.269325	837600	-0.00013836224	153.53334	-0.00058281916	-18.416298	0.013836235	0.00041393793	0.0033333332	61595.26204991341
349	102.53333	24.966288	113.0	10.0	1794.8667	52.754986	23.056034	102.888596	21.998383	840000	-0.0001334399	128.73668	6.938974e-06	-13.693055	0.013343702	0.0006724747	0.00125	61772.570981025696
350	95.35714	35.897884	113.0	8.0	1875.9286	42.66586	19.436186	94.12511	19.440619	842400	-0.00018633406	368.53397	-2.7919808e-05	-3.6239817	0.018631885	0.00043023235	0.0029166667	61953.668880939484
351	101.38461	28.677351	113.0	3.0	1781.0	44.662617	19.007326	98.14635	19.7899	844800	-0.0003871123	135.972	-0.006509006	-5.071209	0.03870866	0.013259272	0.022916667	62132.982191324234
352	96.1875	33.803143	113.0	2.0	1681.0625	47.686848	21.097155	101.80385	21.470219	847200	-0.00034712753	286.32907	-0.005161879	-7.4277024	0.03471308	0.021545708	0.013749999	62308.26737523079
353	102.42857	25.597752	113.0	11.0	1875.2142	43.023243	18.291721	95.08272	20.237354	849600	-0.00044212738	182.30946	-0.0010095611	-11.445111	0.044212822	0.0010422711	0.008333333	62484.718074798584
354	95.73333	35.529266	113.0	4.0	1859.6666	47.934616	21.094313	105.41597	21.27727	852000	-0.0005105734	196.6295	-0.0016489774	-5.262879	0.051056404	0.011770003	0.033333335	62668.17464494705
355	87.35714	41.80671	113.0	6.0	1886.5714	44.68504	20.651588	100.275566	19.870768	854400	-0.0007032131	327.13165	-0.004800225	-20.77114	0.07032594	0.043148134	0.022499999	62852.48232126236
356	101.64286	26.545399	113.0	7.0	1800.0	42.872795	21.75465	92.372025	16.66903	856800	-0.0004861454	95.45391	-0.0013181629	-13.268841	0.048618373	0.0003543989	0.0020833332	63028.02813744545
357	94.92857	37.145397	113.0	0.0	1756.0	42.563538	21.040442	100.69521	17.17516	859200	-0.00039564073	179.80534	-0.00033859038	-10.587102	0.039563436	0.010590353	0.012083333	63212.51844716072
358	100.92857	28.229834	113.0	0.0	1670.2142	47.200294	21.762575	106.72165	20.501627	861600	-0.00030833483	76.73234	-0.0008857387	-5.217364	0.030834282	0.006723045	0.027499998	63389.92022514343
359	95.625	35.942444	113.0	0.0	1695.4375	48.84883	22.571669	103.03967	22.00358	864000	-0.00019132595	118.72036	-0.00031697066	-8.868716	0.01913458	0.00024646777	0.0016666666	63568.8975713253
360	88.21429	41.512787	113.0	6.0	1881.5714	49.337482	20.730225	99.270615	22.11824	866400	-0.00021969278	406.76407	-0.00033666813	-30.138739	0.02197248	0.00027884645	0.0008333333	63760.9487016201
361	109.26667	3.749963	113.0	102.0	1835.8667	47.33922	20.567547	94.00466	20.608633	868800	-0.00019218028	21.41229	0.0008908108	-0.90465164	0.019219344	0.0052884333	0.004583333	63953.08776450157
362	94.15385	37.27413	112.0	5.0	1892.8462	48.64887	20.351118	95.26235	20.657967	871200	-9.319186e-05	277.0051	-0.00027585527	-7.000281	0.009320069	0.0022625613	0.0020833332	64144.708790540695
363	102.26667	24.326849	113.0	13.0	1698.4	46.711742	20.444105	93.48394	19.852083	873600	-0.00015439093	195.71867	-0.00025060214	-1.2702659	0.015439443	0.00057484634	0.00375	64327.94295835495
364	108.71429	4.5892515	113.0	100.0	1740.7858	47.304108	21.005108	97.976074	20.022701	876000	-0.00015041977	14.940261	-0.002083535	-5.632801	0.015040125	0.0039426624	0.0070833336	64508.59559249878
365	109.2	4.4452224	113.0	100.0	1728.2	47.08848	20.720034	103.28245	21.345812	878400	-7.96585e-05	77.73626	-3.0664767e-05	-12.927766	0.007964963	4.6166653e-05	0.0008333333	64690.43054199219
366	88.0	40.97479	113.0	4.0	1823.6666	50.514797	22.032019	108.59875	22.7547	880800	-0.0001391669	345.33566	-0.00042756833	-20.202753	0.013916674	0.001083529	0.004583333	64874.18120384216
367	102.28571	26.061544	113.0	9.0	1897.8572	50.619194	22.15903	104.76719	21.67121	883200	-0.0001030316	157.02939	-0.0004685962	-6.7270465	0.010303882	0.0015527391	0.0029166667	65068.095861911774
368	89.4	40.7395	113.0	3.0	1861.2	47.550343	21.899591	96.28538	20.09205	885600	-0.00013755758	418.35654	-0.00042087087	-30.110159	0.01375554	0.0022985928	0.0029166667	65257.04751992226
369	94.53846	36.697548	113.0	6.0	1935.0769	43.277298	18.857328	91.225	18.561146	888000	-0.00024828315	224.81575	-0.0007873401	-5.013684	0.024826778	0.003012511	0.015416667	65449.363686561584
370	102.13333	24.218084	113.0	13.0	1719.0	40.948822	18.350117	89.98005	18.100483	890400	-0.00031501055	247.34065	0.00048365505	-32.806614	0.031502295	0.046288516	0.01625	65633.10157966614
371	102.066666	24.715628	113.0	11.0	1804.4	44.37346	19.621937	97.46906	20.455845	892800	-0.00011046728	186.33644	-7.138153e-05	-3.8758686	0.011047284	0.00033123617	0.0016666666	65814.78590893745
372	102.64286	25.095835	113.0	13.0	1873.7142	47.930157	21.58297	107.81849	21.233862	895200	-7.996956e-05	182.3039	-0.0010753578	-3.137291	0.00799496	0.001205114	0.00125	65995.75840687752
373	109.14286	4.085814	113.0	100.0	1809.4286	49.41659	22.931913	102.350975	20.384089	897600	-9.812415e-05	7.505138	-0.0011587129	-1.7794973	0.009812755	0.0010673088	0.0041666664	66176.25581669807
374	95.46667	36.086685	113.0	2.0	1795.5333	49.973705	22.08906	103.020615	21.383377	900000	-7.802e-05	285.3541	-0.00011638552	-23.930548	0.0078020827	0.000114123366	0.00125	66358.96264314651
375	109.42857	3.922723	113.0	101.0	1831.2858	46.202396	20.175264	93.9282	20.115108	902400	-7.379986e-05	21.679358	-0.0002853546	1.760903	0.0073786653	5.8710325e-06	0.0	66532.41181588173
376	109.066666	4.3276887	113.0	100.0	1806.7333	44.88422	19.299416	94.08683	20.678625	904800	-0.000115597	65.07534	-0.00014416563	-32.882317	0.011558178	0.00035704215	0.0016666666	66715.26656961441
377	101.76923	27.044561	113.0	9.0	1909.2307	51.934082	21.818203	105.7044	23.115435	907200	-0.00021182995	208.61214	-0.0005287938	6.485933	0.021181038	0.0017132357	0.004583333	66900.81692266464
378	77.3125	46.398705	113.0	5.0	1765.0	49.356697	20.0588	105.379295	22.80537	909600	-0.0002516657	893.5952	-0.00017411324	-73.34759	0.025168186	0.001224035	0.007916667	67092.66535830498
379	101.5	25.897463	113.0	9.0	1870.5714	44.45154	19.82732	94.83371	19.968958	912000	-0.00029304126	140.7805	-0.00038711168	4.763205	0.02930356	0.0009779233	0.0070833326	67281.98619294167
380	95.0	34.76246	113.0	10.0	1795.2142	45.711334	20.527676	95.35868	19.516829	914400	-0.0003655801	353.39307	-0.0008715714	-5.515532	0.03655641	0.00281586	0.013333333	67461.3534321785
381	102.73333	27.673012	113.0	0.0	1742.8	44.483013	19.957369	91.60332	19.086838	916800	-0.00047847442	80.77852	-0.0012022462	-8.122249	0.047847908	0.008067629	0.022083333	67647.00801992416
382	88.86667	40.657703	113.0	1.0	1796.2667	44.89147	19.577557	93.382256	20.036907	919200	-0.0006221135	312.7583	-0.0012890646	-4.4803314	0.06221019	0.009618758	0.022083335	67831.91291356087
383	94.57143	36.73207	113.0	0.0	1820.5	42.893158	18.294317	92.57543	19.566076	921600	-0.0006611447	296.3446	-0.0014009029	-4.671886	0.066112906	0.011391287	0.047083333	68014.60583758354
384	95.53333	36.068207	113.0	2.0	1753.0667	44.944637	19.331581	92.50924	20.14155	924000	-0.000785023	113.95294	-0.0023495357	-6.7102265	0.078501604	0.015782043	0.020416666	68193.17337465286
385	108.86667	3.4422214	113.0	102.0	1851.4	47.336376	20.126247	98.64034	21.47794	926400	-0.00068729866	46.398487	-0.002226986	-10.708882	0.06872778	0.005593354	0.018749999	68375.91487050056
386	102.14286	27.892286	113.0	2.0	1889.2858	53.77622	23.514612	110.80155	22.351692	928800	-0.0006578763	90.59426	-0.002434374	-2.3970447	0.065786146	0.054298397	0.053749997	68555.63356137276
387	95.46667	34.740692	113.0	7.0	1802.3334	52.497242	23.126455	109.40614	21.75246	931200	-0.0006666382	431.6206	-0.0021302525	-61.04898	0.06666312	0.013177418	0.055416662	68740.67995643616
388	95.933334	35.68093	113.0	0.0	1836.6	43.139538	18.619368	95.497025	19.503382	933600	-0.00067496795	247.22371	-0.0021721423	3.285352	0.06749557	0.0024305694	0.009999999	68924.06404590607
389	88.73333	40.828857	113.0	5.0	1862.9333	44.31321	18.987574	96.31466	19.814909	936000	-0.0009415075	317.01373	-0.00084738433	-3.0758095	0.09415116	0.0068600723	0.029583333	69110.27832627296
390	101.71429	28.408823	113.0	0.0	1898.0714	44.815876	19.541367	94.047646	19.730097	938400	-0.00095301	60.503174	-0.0010852733	-14.210834	0.09530219	0.0055178404	0.028333334	69297.06658482552
391	108.64286	4.046288	113.0	102.0	1753.2858	48.41643	21.323254	98.68929	21.122744	940800	-0.0008658469	26.148195	-0.0022825452	-1.3017316	0.086586304	0.016858377	0.035833333	69476.51869249344
392	74.53333	48.787796	113.0	0.0	1710.4667	48.393963	20.617203	103.36691	21.715345	943200	-0.0009765327	450.985	-0.0017693216	-48.71539	0.097651936	0.02039255	0.07791667	69674.69058656693
393	101.53333	24.708612	113.0	10.0	1719.6666	46.300354	20.608646	95.06616	19.291117	945600	-0.0011273822	176.25824	-0.0019368386	1.3736458	0.11273647	0.046732724	0.0975	69854.6466884613
394	95.46667	35.957138	113.0	0.0	1804.4667	44.575363	21.020132	97.14263	19.22334	948000	-0.0011535684	181.35844	-0.0027874287	-5.174013	0.115358986	0.0062304977	0.038333334	70040.08000040054
395	102.07143	25.459951	113.0	11.0	1824.0714	45.81261	20.048403	95.989685	12.379208	950400	-0.0014414787	227.34966	-0.005847361	-9.654153	0.14414683	0.058309298	0.09583333	70217.7364192009
396	96.4375	34.577755	113.0	2.0	1778.9375	45.059845	21.491833	100.99988	11.894672	952800	-0.00097595155	225.97496	-0.0013006702	-3.6319687	0.09759536	0.038285818	0.0625	70409.171677351
397	108.85714	3.1134992	113.0	104.0	1906.1428	45.29638	19.33261	99.54582	20.051373	955200	-0.0011468418	88.489845	-9.164369e-05	-24.993364	0.114681445	0.03380563	0.043333333	70592.54538416862
398	97.125	32.341682	113.0	11.0	1888.6875	49.492355	22.2114	103.22696	20.11299	957600	-0.000873064	197.52031	-0.0019229427	-1.8214196	0.08730775	0.008500769	0.032916665	70781.54986214638
399	94.53846	36.360622	113.0	6.0	2004.6154	48.56389	20.230621	100.88939	22.581255	960000	-0.0009795626	188.41014	-0.00076485175	-8.981473	0.097954996	0.007978653	0.035416666	70975.66751646996
400	102.4375	24.402788	113.0	9.0	1784.25	44.59466	20.694471	94.99464	17.371162	962400	-0.00095719844	122.10651	-0.00035672108	-15.160824	0.09572015	0.05200407	0.0575	71159.10163903236
401	109.78571	3.4883187	113.0	100.0	1957.0	46.699116	20.296356	101.20832	21.390017	964800	-0.0008101265	69.091606	-0.00018710084	-13.041989	0.08101145	0.0050781113	0.013749999	71345.636906147
402	83.5	43.04939	113.0	8.0	1823.0625	52.483627	21.935888	112.461	23.465914	967200	-0.0008705954	784.1071	-0.0020066835	-42.104237	0.08705947	0.004284466	0.0175	71537.52407693863
403	87.92857	42.717453	113.0	1.0	1955.0	47.727913	20.38323	103.31643	21.92421	969600	-0.00089981157	254.9954	-0.000929676	-19.683714	0.08998235	0.0030113307	0.015833333	71740.62581896782
404	79.07143	46.65139	112.0	0.0	1809.9286	42.623123	18.258873	92.80917	18.833344	972000	-0.0008639793	359.81583	-0.0036942437	-10.707505	0.0863984	0.11789137	0.12083334	71939.55795240402
