Epoch	AverageEpRet	StdEpRet	MaxEpRet	MinEpRet	EpLen	AverageVVals	StdVVals	MaxVVals	MinVVals	TotalEnvInteracts	LossPi	LossV	DeltaLossPi	DeltaLossV	Entropy	KL	ClipFrac	Time
0	5.713631	9.6112995	18.995571	-10.0	147.75	0.08123984	0.31422207	1.2155011	-0.9662626	900	-9.934108e-09	53.96468	-0.07069253	-21.31848	3.711654	0.0876773	0.51555556	20.013304710388184
1	4.7897267	9.917335	20.575016	-10.0	142.5	3.162389	3.222474	11.102524	-5.8995843	1800	9.934108e-09	40.29498	-0.09179316	-19.812193	3.578726	0.07357087	0.52555555	34.20349097251892
2	5.354965	12.790899	28.771824	-10.0	123.53333	2.6530843	4.6464763	15.889178	-12.909081	2700	-2.9802322e-08	77.29764	-0.11030003	-39.396687	3.4426606	0.049065012	0.45444444	49.93659424781799
3	8.857298	7.1662	22.768484	-10.0	137.95653	5.0096636	5.1634164	24.271206	-16.715902	3600	-1.9868216e-08	70.13662	-0.12374699	-31.569756	3.2916791	0.054263253	0.57666665	76.48933529853821
4	8.914172	9.091168	27.029842	-10.0	138.3	4.683023	5.2548594	20.92617	-16.125166	4500	-4.9670536e-08	71.87777	-0.11368319	-25.685522	3.32961	0.04652661	0.50555557	103.29418754577637
5	10.894866	10.011202	38.53034	-10.0	145.26086	6.106528	2.6177251	14.360941	-4.347831	5400	-1.4901161e-08	75.86185	-0.092241	-27.96373	3.183221	0.048028603	0.5188889	131.9286196231842
6	10.1071615	4.040187	22.773405	5.079624	139.08	8.227311	4.1995497	26.093548	-1.0637891	6300	5.4637592e-08	27.760284	-0.10338408	-14.265339	3.1372597	0.046068322	0.47444448	162.077495098114
7	9.6293545	8.254658	23.932673	-10.0	137.5238	7.4304223	2.1429389	13.193873	0.839712	7200	-1.9868216e-08	37.97494	-0.10533807	-9.868079	3.1321552	0.045835406	0.5088889	185.57812094688416
8	10.68794	6.091777	20.360111	-10.0	140.04347	7.02431	2.3562913	13.887577	0.82365274	8100	-9.934108e-09	37.4063	-0.09852356	-10.030953	3.1483433	0.05249523	0.51555556	213.36693739891052
9	7.7893763	9.102379	24.07607	-10.0	134.0	7.377154	2.3561566	13.649871	0.3714276	9000	-9.934108e-09	51.414593	-0.0909575	-9.475399	3.1777503	0.045124546	0.4877778	235.5711636543274
10	7.9049215	10.929461	35.947865	-10.0	131.0	6.3987217	2.8342402	11.11167	-0.49642056	9900	-8.940697e-08	70.59336	-0.10891511	-9.068799	3.0309193	0.06294563	0.53777784	260.3035774230957
11	8.348371	9.398547	27.42281	-10.0	136.21053	5.7944584	2.9268034	11.779675	-1.4615617	10800	2.9802322e-08	63.124317	-0.110619225	-9.948251	3.042799	0.06411644	0.56111115	284.60562324523926
12	13.292351	5.4641466	24.117657	6.313506	144.92	6.3060217	2.1962867	12.042104	-0.439287	11700	2.483527e-09	43.94479	-0.11712662	-14.856587	2.9320138	0.050088365	0.49444446	310.82626032829285
13	11.855428	11.309769	51.063484	-10.0	133.73914	9.936122	3.0745008	17.54387	0.037699804	12600	-2.7318796e-08	102.017395	-0.07729972	-21.747648	2.978616	0.0561076	0.4977778	338.12388825416565
14	12.165393	13.406185	56.465103	-10.0	139.82608	9.033098	4.0899916	16.934345	-4.1492586	13500	9.934108e-09	118.62833	-0.073512614	-18.619116	2.9926786	0.057074357	0.48333332	364.1919548511505
15	16.910202	17.275667	74.05083	6.043533	145.14285	7.204371	6.3701334	20.122875	-11.024459	14400	1.9868216e-08	213.62575	-0.093963325	-44.21629	2.9560068	0.052731548	0.49222222	392.30798149108887
16	13.319997	12.076844	51.545555	-10.0	133.73914	10.123183	5.3796525	22.190783	-1.0646926	15300	0.0	90.47684	-0.106024064	-16.792912	2.8571503	0.06168059	0.55111116	418.9672899246216
17	13.393476	22.92239	114.10365	-10.0	137.83333	10.9825	3.8911395	24.169025	-1.6218908	16200	4.967054e-09	385.07422	-0.05957021	-38.916622	2.8345222	0.046074647	0.49333334	444.1565775871277
18	11.032445	5.3931155	30.835356	5.1546364	147.64	10.239964	3.1169398	20.22604	-1.3322065	17100	0.0	29.21209	-0.10037387	-6.984226	2.7640917	0.05026434	0.49666667	471.2580506801605
19	16.128504	13.30122	73.78244	5.986408	143.96	9.174502	2.0317404	15.741596	3.0052452	18000	2.9802322e-08	144.68979	-0.072559245	-19.931597	2.8076928	0.055772454	0.48222223	502.27506279945374
20	13.496797	15.111194	72.636154	-10.0	137.73077	13.79321	2.9208329	21.331678	2.208175	18900	-2.9802322e-08	160.94333	-0.07819721	-13.093875	2.721592	0.056987744	0.4766667	530.5441057682037
21	14.970698	9.011928	39.787388	5.12155	146.48	12.628939	2.24341	18.231543	4.586581	19800	-1.9868216e-08	53.765644	-0.10339081	-8.854826	2.7201014	0.06754999	0.62222224	555.1443891525269
22	14.710872	14.812583	82.024994	5.3534107	143.21428	12.16401	3.3068693	23.819769	1.5391046	20700	4.967054e-09	139.42668	-0.057338577	-13.676763	2.8236248	0.053257246	0.48333332	581.5327990055084
23	10.135821	6.4480844	27.619165	-10.0	141.8	12.372063	4.139895	27.20935	5.8296614	21600	-4.967054e-09	61.972523	-0.11795821	-26.227468	2.730608	0.058808904	0.6011111	608.7969710826874
24	13.21158	8.462247	40.232834	4.8863482	151.90475	7.9715014	1.5925	13.874915	3.7105806	22500	0.0	54.66986	-0.10023888	-11.349339	2.7556431	0.057033855	0.53	632.1192762851715
25	14.646648	12.543399	63.94915	6.6546173	149.44	10.088272	1.7036748	14.198324	2.521384	23400	-7.947286e-08	113.88898	-0.07658562	-9.64261	2.6079116	0.054165218	0.4788889	660.1013696193695
26	13.830823	10.317277	51.514053	5.7679257	147.60869	11.884448	2.6452913	18.906832	3.4087355	24300	1.9868216e-08	61.689686	-0.074493445	-5.1508336	2.6071503	0.045202583	0.41111112	684.7518489360809
27	9.980329	9.54961	37.328068	-10.0	139.0	11.7046585	2.192718	17.53525	4.124654	25200	3.973643e-08	98.18058	-0.097483896	-22.901985	2.5269508	0.05169778	0.54111105	714.3455412387848
28	12.643985	8.608857	46.662727	6.3726892	145.24	5.6630664	1.3231786	10.555273	1.7614051	26100	-1.9868216e-08	71.54885	-0.06952223	-16.620127	2.4449453	0.049279373	0.47555557	736.6173293590546
29	17.480556	12.361922	67.723434	7.69372	143.55173	12.897905	2.2281353	20.559654	6.5169373	27000	2.9802322e-08	118.95756	-0.07394071	-11.406993	2.3566325	0.054173935	0.46222222	765.7613360881805
30	14.935086	11.6068125	50.621834	5.8849463	145.53572	14.772094	2.796875	23.464622	8.405971	27900	9.934108e-09	93.18368	-0.084284365	-9.784633	2.3136902	0.048367184	0.45555556	792.4467625617981
31	12.441347	7.549317	41.721985	5.5768075	144.44827	13.121879	2.5258813	21.419622	5.7962427	28800	-4.0978193e-08	46.84781	-0.083157115	-7.8161817	2.334017	0.045490544	0.4311111	817.9184305667877
32	21.860435	20.322428	105.33954	5.087586	143.23334	9.66859	1.3639892	14.754316	2.7984376	29700	2.4835268e-08	367.80066	-0.063698485	-79.57668	2.2944348	0.05491753	0.4522222	845.2918930053711
33	15.101689	10.202713	44.26642	4.806555	142.21428	20.880083	2.9095144	28.188517	9.095763	30600	-1.09275184e-07	135.87323	-0.084192984	-46.471985	2.1711872	0.05430493	0.46555555	871.8279211521149
34	15.465661	13.614535	76.091415	-10.0	139.30302	15.871269	2.058439	21.471767	6.5993977	31500	-1.9868216e-08	143.51814	-0.06887293	-6.271444	2.062688	0.054214675	0.42777777	902.0599145889282
35	12.111692	6.432062	27.878876	5.9531646	141.67741	12.4587965	1.9550096	20.989971	4.8234315	32400	3.4769375e-08	30.744507	-0.080786675	-3.4112082	1.9103173	0.05360048	0.45777777	929.853113412857
36	18.078135	20.819847	105.93632	-10.0	142.96	8.856996	1.8738768	16.200905	2.6680505	33300	2.9802322e-08	311.60605	-0.04951945	-25.42793	1.9471182	0.0530393	0.46777782	959.1730771064758
37	16.950312	10.349384	42.85553	6.485968	139.25	16.164677	3.1048646	26.555197	9.640556	34200	2.9802322e-08	79.92264	-0.077207714	-5.575306	1.656858	0.04799741	0.38666666	987.0639731884003
38	23.811634	18.949743	93.722206	6.6271605	141.12903	12.544944	2.1298609	22.225441	5.902796	35100	-2.9802322e-08	356.33862	-0.048346113	-57.809948	1.4982234	0.04941149	0.37555555	1015.9982008934021
39	28.799921	38.87221	204.26399	7.0959406	140.89285	23.544657	4.1797566	35.419704	7.8165975	36000	9.934108e-09	947.3848	-0.04362042	-45.437134	1.5946144	0.04594471	0.34555554	1042.7787506580353
40	33.93479	46.522823	227.62694	-10.0	137.3871	24.937117	5.9366035	52.44402	10.459294	36900	-2.9802322e-08	1583.414	-0.04576889	-77.11279	1.3722801	0.050029755	0.38555554	1072.1580700874329
41	21.855274	22.13702	141.01625	8.295166	139.54546	30.122955	5.9209495	48.745934	9.379404	37800	-9.934108e-09	404.0978	-0.053429857	-136.50743	1.3896013	0.060932636	0.39222226	1101.7291748523712
42	38.651268	44.714703	192.90431	6.775898	140.26666	14.940722	3.4943657	29.098692	3.8759866	38700	6.953875e-08	1703.2358	-0.03878263	-307.32816	1.3090243	0.04898422	0.33666667	1129.6386444568634
43	21.40474	33.890366	212.91847	8.378993	138.91176	35.961117	7.076089	63.750565	13.525779	39600	0.0	1182.4108	-0.03577334	-9.657435	1.0983056	0.046411026	0.2722222	1159.040693283081
44	20.682598	10.997817	54.27189	6.9119287	139.25807	34.18522	6.6539516	56.83378	10.406563	40500	-5.9604645e-08	345.54593	-0.0662038	-207.34778	1.0163153	0.05313496	0.29222223	1187.4861526489258
45	17.150812	9.990452	47.859753	5.433081	136.9	16.041569	2.78018	26.156878	4.272726	41400	4.967054e-09	75.2209	-0.052898422	-7.306071	0.9669921	0.055619095	0.23777778	1214.2662363052368
46	27.05655	24.990368	120.13806	7.2290163	136.8125	15.37496	2.9099321	23.922802	3.4810326	42300	-9.934108e-09	496.68326	-0.03450833	-46.34547	0.95280045	0.05238068	0.24666667	1244.3093569278717
47	16.786188	11.509534	44.388157	-10.0	134.96552	27.701128	4.949253	43.50176	9.34289	43200	1.7384687e-08	228.2256	-0.056036234	-117.951256	0.761616	0.052094083	0.26666665	1270.755034685135
48	24.545965	20.573427	123.17606	8.328011	137.21213	19.27655	3.232286	30.493616	8.886085	44100	-4.967054e-09	104.383606	-0.024025494	0.45729256	0.7394735	0.046366867	0.21777779	1300.3129563331604
49	39.87162	48.395798	223.63206	8.593138	138.60606	18.357155	2.538054	26.580421	12.8134365	45000	9.934108e-09	1895.7426	-0.023993246	-215.76886	0.61908424	0.04855818	0.19222224	1330.7101261615753
50	31.289022	22.812248	108.29995	5.770962	138.51515	37.472733	5.905957	52.944584	12.837862	45900	0.0	454.4609	-0.046087373	-64.73997	0.6259655	0.046079714	0.22888888	1360.2075617313385
51	29.841587	30.481194	142.1928	7.208045	138.33333	30.477503	4.8982263	44.968613	19.9127	46800	1.9868216e-08	727.8457	-0.028836727	-10.305095	0.5933828	0.053162158	0.21555555	1391.070729970932
52	33.41482	17.94144	78.448204	12.441471	138.06451	23.614998	2.3529284	31.617008	16.525599	47700	-9.934108e-09	275.90652	-0.046070974	-17.350584	0.62914807	0.049678657	0.23777777	1419.844195842743
53	27.612778	39.316544	237.24594	7.337374	136.5625	32.537876	3.597817	42.03033	13.242598	48600	-2.2351742e-08	1247.0353	-0.023760958	-42.259148	0.7018859	0.05021596	0.19777776	1450.2061371803284
54	25.870377	14.570842	74.44672	7.767862	136.36363	23.94241	2.422489	34.968384	17.289206	49500	-3.973643e-08	151.55408	-0.051146757	-9.567704	0.6446771	0.053750683	0.22888888	1480.6400063037872
55	24.616909	30.582352	176.26132	8.181088	137.26666	21.737263	2.9823782	39.05785	14.466221	50400	0.0	664.4505	-0.019815683	-12.70947	0.6061799	0.056644004	0.1988889	1507.3199789524078
56	50.391468	54.600372	184.03358	6.1500545	138.41936	22.92594	3.9945228	41.61152	11.653333	51300	-1.9868216e-08	2410.0444	-0.022926345	-398.52417	0.4643065	0.051234435	0.18888889	1536.3112449645996
57	61.77799	74.55318	305.8642	8.76698	135.61765	43.124653	9.5748205	80.91688	11.527304	52200	-3.7252903e-09	3412.616	-0.015687991	6.584666	0.34362367	0.048784506	0.12777777	1568.1534197330475
58	39.44565	54.899437	185.38126	7.5633435	138.45161	55.26565	14.066368	99.3391	24.017378	53100	2.4835268e-08	2525.6677	-0.011866663	-440.34497	0.17772193	0.01649294	0.09222222	1599.4653689861298
59	49.524315	55.657578	223.52312	11.074575	136.0303	31.772877	6.7996187	51.62003	13.822662	54000	0.0	2535.3972	-0.00719556	-147.3175	0.18925281	0.020548733	0.064444445	1630.600367307663
60	46.681114	63.42885	218.28606	5.7263823	136.53125	40.621815	6.0632515	52.358448	10.162269	54900	-1.9868216e-08	3019.7207	-0.007220438	-10.75291	0.18761499	0.023908243	0.083333336	1662.7497596740723
61	47.628216	72.62892	296.86816	5.6030846	136.8	42.00527	5.2203026	51.22388	23.139553	55800	0.0	3642.3293	-0.0058237887	-26.283255	0.13669355	0.01510517	0.043333333	1691.0812458992004
62	54.04962	63.925167	213.90536	5.6120377	135.6875	43.866867	7.338427	59.032578	17.721796	56700	-3.1044085e-09	3039.1387	-0.0060194675	-42.844074	0.18202375	0.012756427	0.06888888	1721.61377286911
63	27.355972	33.865562	180.55219	5.7129993	136.84848	47.146454	7.191885	68.66297	19.52099	57600	-4.967054e-09	1329.5023	-0.009605532	-500.4751	0.2255339	0.02976571	0.07666667	1754.0871856212616
64	55.16614	71.04556	227.52255	6.7676697	138.3871	21.671524	3.4519846	39.47884	3.335551	58500	9.934108e-09	3603.8816	-0.004298722	-220.89899	0.14083984	0.01113375	0.030000001	1785.6322948932648
65	53.151127	62.803844	223.40424	7.0227494	136.42424	29.238857	5.6340694	46.281765	8.647085	59400	-2.7318796e-08	2995.97	-0.0037325183	-163.42104	0.14512788	0.022156619	0.07	1816.8977127075195
66	46.135258	61.966114	229.54312	8.42271	136.3125	55.341507	9.188271	82.47922	23.512186	60300	2.9802322e-08	3062.005	-0.0041830763	-144.68086	0.084429435	0.0061897994	0.016666666	1848.9343328475952
67	50.60172	65.06234	251.61305	8.438207	135.69698	40.503246	6.964833	60.811977	16.033043	61200	0.0	3637.4573	-0.013221758	-75.31476	0.11894971	0.025970148	0.040000003	1880.305816411972
68	49.761154	61.66477	226.0656	7.4139338	137.51613	43.71395	6.930198	53.17092	11.524329	62100	-4.967054e-09	2679.4255	-0.0071336194	-39.648895	0.19886082	0.029792743	0.06555556	1909.508172750473
69	48.848545	63.239204	290.4083	9.900906	134.66667	47.060535	10.035362	72.62158	18.23034	63000	-1.9868216e-08	3519.3616	-0.025078254	-81.64584	0.13885981	0.038253132	0.096666664	1941.4705953598022
70	41.69438	48.643635	189.6016	8.03634	137.83871	36.850925	7.0373325	63.212826	11.738093	63900	4.2219956e-08	1424.4515	-0.012661618	-53.83432	0.33267376	0.059414912	0.14111112	1969.604814529419
71	63.428383	72.35199	226.29922	8.580076	137.8125	43.02592	11.599522	70.31343	19.250168	64800	0.0	4068.7136	-0.0017281739	-114.318275	0.11454599	0.01167589	0.028888889	2000.3063638210297
72	41.020115	58.02239	227.1889	8.517162	135.13333	65.73547	15.931383	95.221954	32.69438	65700	-2.9802322e-08	3288.278	-0.004805848	-626.3117	0.055401158	0.0039208466	0.012222223	2028.573077917099
73	59.47352	68.50283	221.3256	10.1953745	135.17647	46.44669	9.272178	65.617836	12.508001	66600	4.9670536e-08	3022.8574	-0.005713016	-10.73879	0.12689285	0.029674321	0.03888889	2059.0373656749725
74	58.730404	72.24195	233.27287	12.700918	136.58064	48.189228	8.569474	69.93461	19.832634	67500	1.3659398e-08	3729.5374	-0.0031820259	-35.180836	0.11181695	0.0471292	0.08444444	2088.3877115249634
75	59.33423	78.296104	229.69585	5.5367827	135.3125	56.391857	9.889572	88.443306	18.364227	68400	-9.934108e-09	4482.2896	-0.0016226037	-40.502277	0.07553562	0.009044026	0.031111112	2119.758203983307
76	34.59472	61.56348	222.92847	5.505348	137.96774	56.86284	6.8991437	70.66364	14.895794	69300	1.9868216e-08	3216.989	-0.00088019174	-474.8243	0.035132803	0.00118192	0.0044444446	2151.063230037689
77	63.07009	84.00753	230.93571	5.498446	136.39394	39.334328	7.503478	50.906536	11.657906	70200	-4.967054e-09	5526.666	-0.004868085	-51.522785	0.08918353	0.021546455	0.05	2182.104458093643
78	43.92451	69.33433	228.2354	5.500772	136.54839	43.754215	5.8614874	53.431904	10.820321	71100	2.9802322e-08	3192.4026	-0.0018239584	-42.84082	0.046303008	0.0066812173	0.018888889	2213.2962775230408
79	48.78035	73.9745	223.573	5.5588226	136.84375	36.432217	6.657331	49.663353	6.0326843	72000	0.0	3297.3467	-0.0012136251	-25.17167	0.053447127	0.012190387	0.023333333	2245.4411430358887
80	57.767334	79.47194	231.74004	5.499027	136.88235	42.55744	7.848209	61.475998	16.251444	72900	-6.208817e-09	5028.9873	-0.00025301977	-119.89591	0.015005912	0.00049558975	0.0022222223	2276.520311355591
81	22.436092	51.246426	223.24265	5.500907	139.73334	54.11488	7.4146094	72.2578	19.464144	73800	-4.9670536e-08	2880.782	-0.005734285	-906.35986	0.036517743	0.008075266	0.03888889	2306.1600403785706
82	31.92818	60.20251	232.62112	4.505364	142.25714	27.413706	7.9152827	36.357193	2.341352	74700	-3.973643e-08	2889.2253	-0.0066103335	-59.17676	0.20380974	0.10689164	0.10222223	2331.474496603012
83	67.074036	85.03477	235.46959	8.194529	139.03226	31.973913	5.4752984	47.145515	8.993727	75600	-2.4835268e-08	4898.058	-0.00038273283	-355.5695	0.022067076	0.0075358558	0.0044444446	2361.8853034973145
84	46.026485	76.70959	234.89545	5.490637	137.84375	56.757336	12.307078	85.23753	7.5565996	76500	0.0	3826.0947	-0.001438933	-293.67627	0.05904938	0.005356508	0.02111111	2393.762277841568
85	39.178257	63.907192	230.57385	5.497741	138.6875	42.177605	9.119153	63.891552	6.218705	77400	0.0	2326.6638	-0.0011265799	-136.57687	0.023274446	0.0015496515	0.0066666664	2424.9583854675293
86	54.29235	81.42571	224.63882	5.4518332	138.58064	23.119772	7.062279	41.30618	2.962222	78300	-1.9868216e-08	5266.8657	-0.0023675207	-589.1934	0.060243487	0.008972578	0.023333333	2455.7167234420776
87	29.49889	54.203598	229.5374	5.499377	137.35484	43.003456	9.277109	69.82061	10.430244	79200	0.0	2336.6333	-0.00050167245	-39.799194	0.022129282	0.001960412	0.007777778	2486.723061323166
88	38.596527	68.09141	232.34856	5.507373	138.05882	39.708443	8.269669	60.278137	3.376659	80100	9.934108e-09	2623.531	-0.0005553166	-73.62467	0.043930154	0.001862015	0.010000001	2518.3849244117737
89	54.996616	82.13205	223.37257	5.487149	139.76666	22.991083	6.0622787	36.79433	4.1868954	81000	-1.6763806e-08	5188.971	-0.0015238567	-611.3975	0.049126197	0.0034784076	0.018888889	2545.66078042984
90	39.682182	76.13444	258.492	5.502476	137.67741	42.9367	9.0921755	64.6452	5.0030937	81900	1.9868216e-08	4078.013	-0.0018456107	-72.59911	0.071167685	0.004021204	0.015555556	2577.5698430538177
91	52.253918	70.01852	224.42035	8.245434	136.79411	38.9945	9.047126	60.163837	2.0747573	82800	0.0	2734.2927	-0.0035696204	-64.46812	0.11062033	0.008728519	0.035555556	2607.8687891960144
92	64.12622	85.60775	232.98787	5.5173464	138.35484	41.446224	12.424902	82.37365	3.975811	83700	1.2417634e-08	5265.2827	-0.0009502154	-308.0397	0.065718226	0.012408621	0.025555557	2638.6357538700104
93	39.3403	70.115845	225.45204	5.490808	137.25807	60.486103	14.235491	94.29428	5.017724	84600	1.4901161e-08	3929.4895	-0.0022719714	-540.4705	0.090614714	0.008556759	0.03	2669.8956990242004
94	45.619545	70.20139	229.39626	-10.0	135.83333	31.279663	10.31923	59.32547	-0.63924587	85500	-9.934108e-09	3167.014	-0.0024717462	-133.35706	0.13802639	0.010966804	0.041111108	2699.313194513321
95	41.61302	74.343796	226.7264	-10.0	136.15384	29.336699	15.898145	66.91441	-1.6221187	86400	-4.967054e-09	2932.2024	-0.0043557337	-199.36443	0.24903707	0.01971657	0.091111116	2728.1790590286255
96	41.861095	68.228676	229.61964	-10.0	133.18182	39.42988	14.799502	98.014084	-3.1803854	87300	1.2417634e-08	2187.9863	-0.0011643134	-97.682556	0.063006364	0.0071618687	0.016666668	2759.972818374634
97	54.627785	76.4747	226.61871	5.495094	137.80646	34.27606	18.759773	94.59065	-4.2340236	88200	-2.4835268e-08	3666.379	-0.0007770904	-209.36955	0.069910176	0.004914342	0.018888889	2789.674046278
98	32.695065	62.149895	222.621	5.5073647	138.12903	37.43173	21.750698	98.600105	-2.5872147	89100	1.2417634e-08	2398.632	-0.0018073568	-139.88588	0.053163853	0.005995168	0.02	2821.175392627716
99	46.24444	76.65359	228.30844	5.5096083	137.1875	29.5062	20.099451	94.24903	-2.6671941	90000	9.934108e-09	2938.6985	-0.0006980337	-194.96043	0.03491035	0.0006590404	0.0033333332	2851.652442216873
100	53.486626	77.508316	223.56398	5.392875	137.09091	45.052032	28.169064	145.53249	-2.9745574	90900	-9.934108e-09	3603.6804	-0.0023769876	-134.29204	0.059945088	0.02528142	0.023333333	2882.844162940979
101	33.140152	62.90935	224.72324	5.4962173	138.87097	41.777348	30.958977	152.0748	-2.0784419	91800	-1.2417634e-08	2250.9377	-0.0020022541	-124.146454	0.047412988	0.006786254	0.016666666	2913.2947347164154
102	40.99531	72.06825	232.47646	5.5081882	138.73334	34.890972	27.879467	123.39374	-1.9099638	92700	-1.4901161e-08	2346.6938	-0.0013287956	-65.391365	0.040622603	0.006271024	0.017777776	2941.7658433914185
103	47.33497	74.04613	229.96881	5.509522	137.14706	39.240444	32.552406	143.47218	-2.145141	93600	-9.934108e-09	2636.1125	-0.0011545494	-100.6644	0.030663049	0.006113212	0.01111111	2972.988522052765
104	33.502274	62.623756	228.63802	5.5176105	138.96666	35.379833	32.095387	143.99377	1.3630728	94500	-1.4901161e-08	1947.8999	-8.6621694e-05	-83.09115	0.029104456	0.00075188396	0.012222222	3002.038141965866
105	38.817406	68.20834	219.67601	5.4988894	138.32259	31.596752	31.348063	127.15903	0.40572968	95400	0.0	1741.5605	-4.5889057e-05	-146.93445	0.016840855	8.7554916e-05	0.0022222223	3033.142411708832
106	40.155396	72.00646	229.96718	5.492812	138.0	30.622149	36.96749	157.09943	-0.090674154	96300	2.483527e-09	2182.6982	-0.0011490217	-155.9701	0.049721155	0.0071437224	0.017777778	3061.659197330475
107	37.497143	69.43468	228.07506	5.5078154	137.42424	35.18283	40.65115	181.98543	1.9722425	97200	1.6763806e-08	1918.5802	-0.00016161427	-114.96595	0.03150255	0.0017716432	0.01111111	3094.254716396332
108	32.38051	60.435257	220.68452	5.506412	138.58064	27.447727	29.864182	117.51537	0.87102467	98100	3.7252903e-09	1611.2378	-9.674082e-05	-21.944841	0.017083464	0.0003622925	0.0044444446	3124.580393075943
109	53.08772	81.702614	231.52162	5.496646	137.71875	35.53453	35.601517	137.15932	0.8009491	99000	0.0	2734.1106	-0.0001827528	-70.41189	0.019735329	0.00016813436	0.0022222223	3154.801102399826
110	37.735916	71.021545	231.0525	5.501572	138.45161	33.826435	40.696606	168.46718	1.1132872	99900	-9.934108e-09	1629.3027	-0.0003860394	-7.1393027	0.042600695	0.0014089326	0.015555556	3184.771399974823
111	33.187096	62.034424	226.6624	5.1281557	138.375	38.37202	43.762875	179.82468	-0.20828418	100800	0.0	2097.3157	-0.00040443614	-175.46324	0.039963417	0.0023666814	0.012222223	3215.996449947357
112	45.385845	76.47137	227.66678	5.488204	139.03125	29.186502	32.608967	133.23302	1.7696817	101700	-8.692344e-09	2306.2231	-0.00086889043	-101.68325	0.038792048	0.0021362568	0.018888889	3247.1233513355255
113	37.4661	70.25197	224.90619	5.5035543	139.70967	21.440216	30.730003	144.35202	-0.22989531	102600	4.967054e-09	1834.8451	-0.0005335024	-195.90092	0.026641859	0.0034589476	0.014444445	3278.899393796921
114	34.40444	63.435863	227.69218	5.2026362	139.46666	38.079296	43.962776	187.9406	0.6322307	103500	-9.934108e-09	2095.0642	-0.00040192218	-242.70564	0.036485445	0.0010515993	0.008888888	3307.8929715156555
115	52.93808	83.013176	224.46553	5.5118656	138.09677	31.334301	31.529413	140.95523	1.8997296	104400	-2.9802322e-08	3090.0027	-0.002036913	-513.94025	0.055845246	0.0075378865	0.028888889	3340.4707198143005
116	30.616108	58.820972	222.04016	5.4949226	137.87878	28.696753	33.082527	143.8146	1.682269	105300	-1.4901161e-08	1651.7836	-0.00033708065	-72.44875	0.04583161	0.0021152068	0.010000001	3372.1795008182526
117	41.86854	71.47251	235.34756	5.158194	139.4	36.861713	38.86263	147.1402	2.2041435	106200	3.7252903e-09	2071.7668	-0.00064719375	-47.388836	0.053361636	0.004445258	0.01111111	3400.8066935539246
118	46.099445	78.655594	233.57147	5.4795756	138.09677	27.729933	30.984758	133.40358	2.4653487	107100	-3.7252903e-08	2431.818	-0.001365922	-190.55095	0.053652316	0.0043002553	0.023333333	3430.494669675827
119	25.299187	50.55703	222.85463	5.4935975	138.48387	24.063307	35.067387	160.88841	0.6972238	108000	-1.2417634e-08	1362.7501	-0.00012854797	-117.49027	0.028427267	0.0018177718	0.012222223	3460.103115797043
120	45.31262	74.29063	219.40648	5.4925003	138.09375	31.14318	32.068615	123.04272	2.8711588	108900	-2.4835268e-08	2430.303	-0.0004705689	-85.14161	0.036269397	0.0015201954	0.012222223	3490.459174156189
121	32.04487	63.92861	222.40688	5.5009494	139.06897	28.01833	34.658314	151.28267	1.4956324	109800	-9.934108e-09	1314.7894	-0.0006479702	-58.64386	0.06592318	0.004029703	0.020000001	3518.9575996398926
122	39.159813	71.09083	234.15057	5.5027437	137.27272	35.59685	45.21545	177.25183	1.0937669	110700	0.0	1941.1818	-0.0015855134	-204.67314	0.04333338	0.016671924	0.016666668	3549.4707453250885
123	54.06057	79.036804	230.12135	5.2284465	137.0625	45.18126	42.05004	159.37	3.691501	111600	-6.208817e-09	2829.9358	-0.003966694	-82.39608	0.17831226	0.04504761	0.054444447	3578.466722726822
124	40.272846	69.71008	224.951	5.506472	137.5	40.352463	38.585114	176.83833	4.617496	112500	0.0	1860.1163	-0.00034894608	-44.45902	0.051952887	0.0032731881	0.020000001	3609.4982421398163
125	38.526222	68.70899	226.4201	4.9935036	138.40625	29.285881	39.176613	153.80237	-1.1801054	113400	2.483527e-09	1883.7114	-0.0001507004	-52.9879	0.04158112	0.0007054773	0.008888889	3639.601795196533
126	48.703236	78.00366	230.46298	5.5073414	139.0	38.920815	39.285652	142.26079	3.295225	114300	2.483527e-09	2503.4343	-0.0010670652	-75.60839	0.06923722	0.007884736	0.034444448	3670.2203035354614
127	32.57593	64.022095	225.43506	5.5016065	139.03448	26.763933	35.49441	172.6709	1.7913662	115200	1.1175871e-08	1243.0094	-0.0006018517	-47.820877	0.08417124	0.0019731103	0.017777778	3698.866703271866
128	46.470444	76.188644	232.00247	5.49996	136.90625	42.35702	49.059322	184.9169	1.1986952	116100	9.934108e-09	2472.5383	-0.00018852018	-93.89578	0.02169331	0.0010112837	0.0044444446	3729.6757929325104
129	37.606056	68.45962	220.25854	5.5065136	137.90625	39.818996	47.520885	176.11661	2.05672	117000	7.450581e-09	1903.915	-0.0010878257	-82.78547	0.08549237	0.01569491	0.034444448	3760.4140367507935
130	50.294193	74.60781	227.79083	5.727203	136.90625	48.15772	41.74563	197.3294	2.2636805	117900	1.4901161e-08	2963.7551	-0.0020814266	-205.85011	0.047552954	0.028858332	0.035555556	3790.9997079372406
131	50.431847	77.278694	232.33017	5.502728	137.80646	50.53413	38.458843	155.23878	7.2840457	118800	-4.967054e-09	2643.049	-0.0010744708	-211.5083	0.03583905	0.00990967	0.016666668	3822.284361600876
132	49.899612	75.89604	233.25327	5.1986995	137.71875	53.976665	51.95319	185.63304	-2.684002	119700	0.0	3263.4695	-0.0011965154	-419.39456	0.09205413	0.0032245219	0.023333332	3853.5071716308594
133	31.670328	40.595844	226.3154	6.5855465	136.96774	32.683113	31.81033	185.68146	3.9139256	120600	1.9868216e-08	1063.6108	0.0016357427	-489.0681	0.069415994	0.057925582	0.06555556	3881.730736017227
134	70.85133	90.259705	276.76117	5.5100107	135.96666	33.0119	20.977709	136.28258	15.275906	121500	-1.9868216e-08	5590.937	-0.00012402236	-1101.648	0.0043520173	0.0010433312	0.0011111111	3909.8285019397736
135	41.68985	70.33377	228.42882	5.4920197	136.82353	46.371387	26.669815	152.18439	16.059435	122400	9.934108e-09	2679.5217	-0.00050813303	-480.33072	0.023338055	0.0016244423	0.008888889	3944.2728185653687
136	32.200726	60.98673	231.04645	5.4997973	139.45161	27.186497	37.85458	163.10466	-11.801179	123300	-2.483527e-09	1348.9204	-0.0007575979	-125.47727	0.038993	0.0023999498	0.016666668	3977.7657775878906
137	46.485783	75.58818	230.18953	4.9679666	139.58064	29.994585	38.814438	150.2625	-7.0285115	124200	-1.2417634e-08	2223.115	-4.634851e-05	-127.28066	0.0489388	0.00061148586	0.0066666664	4009.8059346675873
138	32.63847	61.70747	216.39296	5.0113783	139.36667	37.8699	43.984577	176.32068	-1.204765	125100	-1.7384687e-08	1884.2684	-0.0008048887	-181.79114	0.04692607	0.001333024	0.01111111	4042.429272890091
139	32.95983	60.793278	225.78511	5.306674	139.09677	28.392408	31.791655	150.6471	-0.17607175	126000	-4.967054e-09	1342.2125	-0.0012963953	-50.039185	0.024659505	0.015109853	0.008888889	4075.4473009109497
140	47.667103	77.52568	226.47046	5.476184	138.8	33.438774	42.026886	175.15405	-2.7639465	126900	4.967054e-09	2160.2227	-5.7748828e-05	-87.32632	0.017926523	0.0003291313	0.0011111111	4107.806809902191
141	32.686848	65.26861	234.11583	5.5030727	137.56667	28.657537	41.931763	170.69461	-4.170549	127800	-7.450581e-09	1619.4297	-0.00015286542	-57.351498	0.022938618	0.0007789509	0.008888888	4137.633735179901
142	37.455322	68.21336	229.4663	5.5134654	136.82353	30.20007	34.222385	146.05588	1.938241	128700	-2.483527e-09	1581.3761	-0.0001305351	-76.62391	0.019930445	0.00051620963	0.0033333332	4168.356631755829
143	52.929726	78.89396	225.32033	5.487666	139.12903	40.94092	45.442978	184.0845	-1.9246225	129600	-7.450581e-09	2525.2776	-8.0154125e-05	-108.86041	0.024398312	0.0015353988	0.01	4198.270630836487
144	31.581114	62.474945	220.37112	5.484486	138.6	29.994392	40.991993	171.27802	-0.25263667	130500	0.0	1347.5455	-0.00044312017	-47.51717	0.025493706	0.003915669	0.024444446	4227.848301410675
145	50.921062	77.537155	234.72635	5.501974	136.2258	44.182438	40.0256	144.15909	1.4235982	131400	9.934108e-09	2603.5793	-0.001246335	-157.4683	0.054715086	0.020772805	0.040000003	4259.090215682983
146	43.652058	72.009544	223.18524	5.510496	137.20589	37.57964	44.180965	173.58188	-0.040731944	132300	1.2417634e-08	2032.2328	-0.0004004153	-55.06338	0.02452039	0.011251784	0.015555556	4292.201644897461
147	30.573597	62.71519	224.44896	5.475006	139.67741	30.866714	41.78175	177.10565	0.3365216	133200	-9.934108e-09	1472.5016	-7.000659e-05	-60.110554	0.0055922777	0.00010100822	0.0022222223	4323.493136882782
148	41.94738	71.48533	230.78621	5.4920797	139.46666	32.21416	37.53497	154.50331	2.2274628	134100	-4.967054e-09	1784.6119	-1.4755565e-05	-37.281326	0.0058761374	2.5896496e-05	0.0	4353.665578842163
149	45.465748	77.81419	227.86581	5.4886336	138.56667	31.054014	41.20978	167.10094	-0.26067826	135000	0.0	1874.7812	-0.00043912083	-162.57454	0.014276321	0.0017044962	0.013333333	4383.014433383942
150	31.13306	62.124393	228.92754	5.496059	137.9375	30.986889	44.47608	177.29736	-1.1744078	135900	1.2417634e-08	1436.9718	0.00010032082	-69.14586	0.007868255	7.943683e-05	0.0022222223	4418.284905195236
151	40.348274	70.11343	226.51953	5.4871564	138.74193	40.279423	45.485634	167.36958	0.95603275	136800	-1.9868216e-08	1938.5573	-0.00017577487	-104.070496	0.012224253	0.0010215518	0.010000001	4451.879113674164
152	45.00049	76.05645	230.25221	5.497389	138.5	30.81573	38.599915	143.91595	-0.42130762	137700	-4.967054e-09	1961.7723	-0.000570934	-247.33669	0.013556577	0.0029558025	0.0044444446	4487.799043416977
153	25.812424	52.439495	229.41385	5.450279	139.83871	29.757475	40.287983	176.1039	0.25640902	138600	-1.2417635e-09	1315.1713	-0.00020774516	-131.773	0.010491445	0.0035958986	0.0033333332	4522.9706790447235
154	49.04537	78.852615	228.59845	4.9771066	139.7	35.31946	38.977352	151.82175	1.1984369	139500	-4.967054e-09	2227.694	2.9909113e-05	-79.03193	0.01544334	0.00046148105	0.005555555	4552.4302043914795
155	31.318499	63.071926	224.3772	5.494868	138.96666	26.882414	34.857067	178.76253	1.9052173	140400	-9.934108e-09	1097.1715	-3.982087e-05	-52.62855	0.013201255	1.6058088e-05	0.0	4581.665663719177
156	34.78162	65.54578	231.00055	5.507697	137.9	33.919556	48.071033	208.33618	-0.92467755	141300	-1.9868216e-08	1609.9951	-0.0002955957	-284.30374	0.00854031	0.0010164515	0.0011111111	4610.363591194153
157	43.80612	74.94986	234.4974	5.483747	137.5	37.77675	44.22819	184.17046	0.9895941	142200	0.0	2048.2415	1.2133892e-05	-69.44907	0.008974586	0.00010438714	0.0011111111	4640.876629590988
158	31.808157	64.92233	230.73074	5.496771	139.80646	24.516296	34.94075	180.81895	-1.8854779	143100	2.483527e-09	1009.2917	-0.0001605625	-114.13218	0.01926001	0.0008958106	0.010000001	4671.815268039703
159	39.137108	68.43708	222.18826	5.5208673	139.96774	33.408215	48.134636	216.92415	-1.0131927	144000	0.0	1669.7695	-1.3882294e-05	-197.26324	0.0033386077	0.00012917128	0.0011111111	4704.634855031967
160	47.46014	77.53686	229.6204	5.483676	139.93333	32.628258	39.563774	172.91327	0.7575501	144900	-4.967054e-09	2206.8047	-3.704708e-05	-113.377144	0.00868781	0.00012749752	0.0022222223	4733.989052295685
161	31.744059	65.10079	229.0193	5.4856944	139.13333	26.127981	36.120064	194.382	2.0686414	145800	7.450581e-09	1036.6162	-1.3500452e-05	-69.343834	0.004765028	5.253553e-06	0.0	4764.173366308212
162	41.84086	73.08097	232.7978	5.495481	138.12903	45.18281	57.36422	230.7447	0.052172914	146700	2.3593506e-08	2300.2327	-0.0001357415	-285.93506	0.005905306	1.49781845e-05	0.0	4797.935774087906
163	45.8249	78.0422	226.43866	5.478165	138.16667	40.75221	51.021015	213.39531	-0.420303	147600	-7.450581e-09	1869.9454	1.368237e-05	-51.72144	0.0053030103	2.088282e-06	0.0	4831.482113599777
164	29.879822	59.00663	220.5988	5.4847302	137.5625	26.829588	39.047432	201.42441	1.0868622	148500	1.7384687e-08	954.3174	-9.823435e-06	-97.58841	0.0038125033	3.1140115e-07	0.0	4866.826105594635
165	39.65749	69.72936	230.9289	5.4765406	138.4375	41.914825	52.9025	211.06418	-0.70762473	149400	-2.483527e-09	1872.8281	-2.158247e-05	-136.54587	0.0045558987	2.3563705e-07	0.0	4900.5100684165955
166	45.905525	78.427315	230.08319	5.4852996	139.51613	36.534782	47.225544	207.3809	1.287268	150300	0.0	1926.31	-2.6116768e-05	-58.069805	0.005491271	7.292019e-05	0.0011111111	4933.799921751022
167	25.319502	52.262928	223.04831	5.4999185	139.56667	25.683455	37.209213	193.37286	0.44707644	151200	-6.208817e-09	965.5439	-8.742015e-07	-13.004939	0.0027713373	1.0066562e-08	0.0	4963.824958562851
168	46.637234	75.771355	231.4325	5.487792	138.70967	31.265652	38.689823	165.21687	0.60267544	152100	2.4835268e-08	1769.0508	-5.7735792e-06	-46.616383	0.002844523	1.9934442e-08	0.0	4996.331702947617
169	31.620768	63.05384	221.80182	5.4957056	138.9	35.3421	47.904766	201.19395	1.4488657	153000	-1.9868216e-08	1586.9159	-7.698933e-08	-55.75942	0.0033161503	3.2054057e-08	0.0	5025.2602643966675
170	31.464073	60.537827	222.03133	5.4878063	138.28125	30.046091	40.74771	195.98763	1.6143641	153900	-1.4901161e-08	1012.98944	-7.4350587e-06	-138.94058	0.0024360095	4.0398703e-08	0.0	5058.965054273605
171	46.92201	76.4869	228.10522	5.4893193	139.09677	35.512062	47.11	199.42638	1.158238	154800	8.071463e-09	1970.6367	-8.487453e-07	-187.9126	0.0026006026	4.635917e-09	0.0	5091.408412456512
172	30.23671	61.09233	230.55801	5.480228	139.35484	29.670998	42.751144	194.35332	0.40014565	155700	7.450581e-09	1166.7789	-1.4629137e-06	-112.87615	0.0030140493	3.8411883e-09	0.0	5123.633986949921
173	40.042587	70.6973	223.52309	5.488533	139.32259	22.040466	28.8684	158.33813	0.06512886	156600	-4.967054e-09	1281.1118	4.597629e-07	-168.52917	0.0017191694	9.271834e-10	0.0	5155.340224981308
174	48.476894	79.6571	234.19533	5.4878063	139.23334	35.506424	48.12428	228.68973	1.3156021	157500	-4.967054e-09	2071.3086	-0.00016563672	-168.99785	0.005746601	0.0020371904	0.0044444446	5184.112506866455
175	31.737907	63.11549	227.62958	5.494752	138.26666	31.526506	43.027054	195.63914	1.200912	158400	4.967054e-09	1308.5345	-5.5413693e-07	-76.18442	0.0019161381	6.790956e-07	0.0	5214.272314548492
176	37.188267	66.54823	225.0429	5.4973307	137.61765	33.324642	42.534775	193.4765	1.7607672	159300	-4.967054e-09	1372.7227	-4.03213e-05	-68.5884	0.0055215545	0.00011545149	0.0022222223	5246.0436799526215
177	48.50716	79.61499	230.71657	5.488533	140.03334	34.90359	47.60771	203.8056	0.10514123	160200	7.450581e-09	1957.5879	-1.7617518e-05	-97.302925	0.0040428373	6.837977e-07	0.0	5274.8441960811615
178	30.608694	62.178425	222.83215	5.488844	139.19354	28.55347	42.297718	202.78598	0.25478715	161100	9.934108e-09	1248.5537	4.1296394e-06	-34.068783	0.004143037	1.7244284e-06	0.0	5303.992525100708
179	40.331444	69.5725	223.48729	5.4862385	139.12903	36.513287	45.976154	201.97845	1.6130464	162000	-4.967054e-09	1576.9994	-5.2689884e-05	-61.554962	0.0076979003	0.00010690318	0.0022222223	5333.361168146133
180	45.194717	77.27153	231.63928	5.4998755	139.3	32.03609	45.076504	209.25893	-0.8036982	162900	4.967054e-09	1575.3258	-0.00022651131	-168.68602	0.007887681	9.0558926e-05	0.0	5361.70244717598
181	25.366997	52.568226	225.9556	5.491282	138.43333	33.712585	48.72461	231.41092	0.10977498	163800	1.9868216e-08	1249.2355	-0.00011713803	-158.82759	0.008830764	0.00027443588	0.0022222223	5390.791819095612
182	45.757523	75.74551	222.99554	5.4845815	137.71875	33.91294	41.68053	187.7155	0.3129547	164700	-4.967054e-09	1620.4027	-6.152565e-05	-36.190475	0.0062709176	8.480959e-05	0.0	5422.494286060333
183	31.609825	62.33666	221.53285	5.4839206	138.66667	31.584593	47.566505	209.93472	0.79959214	165600	7.450581e-09	1001.49316	-0.00011590868	-42.02522	0.010265139	0.002740017	0.011111111	5450.555784463882
184	38.32637	69.53008	224.1952	5.4800735	137.875	31.630976	42.33591	174.05174	1.1823786	166500	2.7318796e-08	1272.818	-8.8884495e-05	-175.4222	0.010549836	0.00060819276	0.005555555	5481.682967185974
185	45.060646	73.94487	226.00107	5.495035	138.53125	31.839476	39.00634	183.97498	0.604152	167400	1.9868216e-08	1800.9105	-7.965399e-05	-137.04756	0.013666554	0.00026705032	0.0022222223	5513.454265832901
186	31.267628	63.107746	224.4918	5.4899917	139.4	29.104116	42.098457	214.04587	0.94611233	168300	-1.8626451e-08	942.2906	-2.3971623e-05	-39.75999	0.018319083	0.00070875464	0.008888888	5542.477936029434
187	39.58062	69.47112	222.96036	5.483116	138.35484	36.675934	53.512867	229.8232	1.2333096	169200	-4.967054e-09	1606.9629	-0.00014592537	-292.63058	0.007278728	0.0005121081	0.008888888	5573.90983915329
188	37.999718	67.589386	227.23048	5.484424	138.375	33.198643	41.26358	200.97014	1.7844081	170100	2.483527e-09	1665.0582	-6.345225e-05	-59.674053	0.013719916	0.00017194159	0.0033333332	5604.887903928757
189	32.059467	63.663273	229.22127	5.4854503	139.2	22.270378	34.60264	202.03049	0.4829825	171000	2.483527e-09	935.0341	-0.00018257771	-115.42932	0.012862157	0.00029363023	0.0044444446	5633.941479921341
190	37.159966	66.25436	219.11662	5.492523	138.375	39.712418	55.827717	225.42412	1.6276644	171900	9.934108e-09	1652.1475	-0.00021070056	-306.40323	0.005701424	0.00013244046	0.0033333332	5664.972656488419
191	48.307423	79.5103	228.16531	5.487269	139.2	39.630043	49.095802	206.08879	2.0508864	172800	7.450581e-09	1880.7393	-0.00087568973	-87.95585	0.010029866	0.019358078	0.0044444446	5693.064772367477
192	31.075031	63.06804	225.18474	5.498146	138.51613	25.959974	39.47352	203.87868	-1.4664578	173700	1.1175871e-08	1011.34845	-0.0004434331	-71.29899	0.00498472	0.0145865185	0.010000001	5722.205497503281
193	39.39806	68.44047	227.94179	4.894415	138.36363	39.505642	52.048534	222.10054	1.763343	174600	-3.7252903e-09	1817.3981	-0.000105451116	-130.43024	0.0085223755	0.0031995599	0.0055555557	5753.769890546799
194	47.62366	79.70156	227.00734	5.4463854	139.66667	35.419487	45.82103	195.35461	1.546332	175500	2.483527e-09	1931.4484	-0.00033355082	-53.535908	0.02100026	0.0010268326	0.010000001	5782.313747644424
195	33.427624	62.80313	227.47916	5.3864474	138.6129	25.168432	37.077335	200.79037	-6.2533917	176400	2.483527e-09	1054.5895	-0.00064082694	-116.34321	0.042479485	0.008055252	0.02222222	5814.3787932395935
196	40.198982	69.61858	224.00844	5.5023823	138.96666	35.882072	51.08408	216.21696	0.73247606	177300	0.0	1461.0254	-0.00017325347	-81.522606	0.019947728	0.0064611747	0.01111111	5842.559647798538
197	46.775814	80.380165	233.3178	5.4885783	138.5	41.905266	52.422028	219.65094	-1.7561884	178200	3.4769375e-08	1954.2733	-0.0003672441	-97.145	0.039246406	0.0022162783	0.015555557	5870.694676876068
198	31.402311	62.319798	229.86287	5.503211	138.0303	28.447498	43.0811	223.79971	1.8048946	179100	0.0	1069.5972	-6.456176e-05	-131.89357	0.011616963	0.00078473234	0.0044444446	5902.680016994476
199	34.31505	62.125664	226.35335	5.4801664	139.56667	36.37395	50.759563	227.77405	-0.34235466	180000	-3.7252903e-09	1503.918	-0.00024336537	-223.61115	0.0109668365	0.0005646514	0.0044444446	5930.557578086853
200	45.488087	77.66883	223.01944	5.4959598	138.86667	31.420956	42.256527	191.61052	1.5647651	180900	-2.4835268e-08	1927.9291	-0.00028108558	-257.01498	0.0073514073	0.0013203155	0.0066666664	5958.363961696625
201	25.681856	53.231426	227.46017	5.5060997	138.25807	27.033958	39.55146	224.4071	2.0076525	181800	2.483527e-09	926.4266	-0.0008127292	-170.27994	0.035489205	0.0032434743	0.015555556	5988.73547410965
202	46.212585	75.91695	228.49649	5.481091	138.53125	29.893435	40.757683	190.76392	0.86427295	182700	-2.483527e-09	1570.9388	-0.00012083134	-87.84177	0.01301036	0.00097264507	0.0022222223	6020.154387950897
203	31.930029	64.326065	232.02441	5.492103	139.66667	33.25716	46.838505	216.19304	2.2262354	183600	-4.967054e-09	1697.2562	-0.00017770752	-116.17329	0.021271728	0.0028254066	0.008888889	6049.404831171036
204	33.137714	64.41064	230.855	-10.0	136.96552	24.339975	37.420223	202.70312	-5.2366457	184500	-4.967054e-09	775.39185	-0.0050774436	-212.10133	0.09844168	0.04538186	0.05666667	6079.764246225357
205	56.95231	80.58797	226.59503	5.470758	138.53125	38.974136	50.82433	219.1504	-1.9506603	185400	-9.934108e-09	2395.5002	-0.00043939255	-310.04907	0.02021159	0.0051160883	0.012222223	6110.333400249481
206	32.046276	64.78528	225.11249	5.504823	139.72414	27.951984	41.4131	206.47343	-23.462917	186300	3.7252903e-09	1297.256	-0.0015348507	-68.43763	0.045708477	0.008945641	0.018888889	6139.536107301712
207	32.330257	62.039898	222.34079	-10.0	136.16667	24.02192	37.366283	206.60875	-21.028805	187200	4.967054e-09	995.05786	-0.0015736967	-59.626495	0.02516003	0.025567263	0.024444444	6170.142860412598
208	48.383812	79.18715	231.57954	5.497716	139.1	31.645523	47.251347	215.28302	-17.594122	188100	7.450581e-09	1816.6737	-0.0005444302	-212.2325	0.022763332	0.0021105187	0.010000001	6198.198853969574
209	36.781002	70.40674	222.20381	5.5001388	138.4	35.58232	50.31619	216.21352	-0.34972885	189000	-4.967054e-09	1145.3966	-0.00014920284	-83.556465	0.013076939	0.0009600614	0.005555555	6226.8888165950775
210	36.015587	64.72277	235.50523	5.4938164	137.43333	34.72456	48.373787	218.05106	-7.5284767	189900	-7.450581e-09	1549.9873	-0.0016417647	-197.88393	0.05366503	0.011203698	0.026666665	6258.355972766876
211	45.50462	76.45635	225.52847	-10.0	134.56667	32.5819	43.660313	189.66653	-7.45078	190800	-7.450581e-09	1539.9414	-0.0019769059	-184.0082	0.030274848	0.022133904	0.031111112	6285.841556549072
212	31.505545	62.348804	233.04765	5.488074	138.06061	29.145096	44.524323	207.58357	-0.57788414	191700	4.967054e-09	1146.0021	-0.00013534476	-54.001293	0.012459446	0.0016760299	0.0044444446	6317.751964330673
213	41.48142	68.75691	221.34653	5.3093424	139.93333	40.35737	50.24476	205.48955	0.9926743	192600	-9.934108e-09	1759.5732	-0.0007030984	-113.130424	0.048011154	0.0033485692	0.017777778	6345.479291200638
214	38.137375	72.64865	230.43234	5.4866147	139.53334	24.849007	34.03502	173.53055	0.8624891	193500	2.4835268e-08	1477.1533	-0.00037834793	-371.92056	0.025236674	0.0028650146	0.007777778	6373.994686126709
215	26.651663	53.061478	229.28035	5.4688377	138.83333	28.11157	43.170937	214.89485	-2.0328262	194400	1.7384687e-08	976.83075	-0.000565084	-320.35587	0.023528462	0.0010517581	0.007777778	6401.920811653137
216	54.170296	82.89646	229.82414	5.492257	137.54839	34.674152	43.18916	185.67697	0.16170102	195300	-1.4901161e-08	1982.4615	-0.0003346602	-120.09469	0.024304168	0.0052372105	0.01111111	6430.52755355835
217	23.107857	50.72236	225.80716	5.502702	138.4375	25.490915	34.194977	220.70125	3.8099055	196200	7.450581e-09	685.5617	-4.06305e-05	-48.60022	0.018993987	0.00065947673	0.0033333332	6461.825624227524
218	41.788086	72.507484	232.85214	5.493847	139.16667	31.235	44.91213	209.3674	1.3923491	197100	1.2417635e-09	1112.9125	-3.998059e-05	-54.962284	0.0066193813	0.00013226853	0.0011111111	6490.22400188446
219	52.00566	82.327194	228.1844	5.468614	138.4375	40.952225	54.121803	220.21944	0.15193667	198000	-9.934108e-09	2328.2874	3.8060048e-07	-192.13707	0.007900423	4.0315987e-05	0.0011111111	6519.748328447342
220	23.71196	52.891426	228.9022	5.502263	139.54839	24.38317	36.322384	206.85579	-1.7607023	198900	9.934108e-09	828.2378	-0.00066628837	-175.6512	0.016502032	0.04546921	0.016666668	6549.759654521942
221	42.389893	71.26642	226.00377	5.5243354	139.23334	36.928925	51.565117	235.33849	3.008781	199800	-2.483527e-09	1633.685	-1.8252991e-05	-96.26596	0.011078226	0.0011292065	0.0044444446	6578.948539018631
222	44.630653	76.10148	226.31253	5.4671335	138.35484	40.95854	50.64138	205.94054	3.3810205	200700	4.967054e-09	1849.2858	-0.00036886087	-101.51913	0.010932955	0.000812311	0.01	6609.286761522293
223	32.442104	64.96678	232.04231	5.4757886	138.32259	25.395554	39.765903	216.74751	0.35030788	201600	9.934108e-09	979.842	-2.0327668e-06	-118.35321	0.009977347	0.0015124246	0.0044444446	6640.7846620082855
224	40.39067	69.59164	225.0058	5.507029	138.2258	32.4169	49.852318	220.37398	1.2013867	202500	-2.483527e-09	1506.1224	-3.4092616e-05	-87.54627	0.016355628	0.0009108439	0.0055555557	6672.209963798523
225	44.382008	76.5292	228.88156	5.4330754	138.4	37.688343	49.743458	204.14372	4.764583	203400	-7.450581e-09	1621.4619	-0.00013874471	-97.588554	0.018649789	0.0019518435	0.007777778	6701.390895366669
226	30.707087	59.84948	224.94487	5.493051	137.87878	31.76763	44.699947	214.43011	2.3268306	204300	-9.934108e-09	1165.6927	-0.00016205262	-116.65444	0.00862243	0.00093832536	0.0044444446	6733.211925029755
227	41.032944	69.53506	224.76067	5.500378	139.48387	33.74797	47.5812	231.55287	-0.3167651	205200	7.450581e-09	1465.0138	-2.1261318e-05	-47.638866	0.008550557	0.0003791817	0.0022222223	6764.521830320358
228	39.284405	74.70481	232.5696	5.169501	141.71428	31.512096	49.141853	218.62004	-5.421475	206100	-1.4901161e-08	1407.9346	-0.0011770542	-128.31093	0.04521845	0.016937029	0.03888889	6793.596120119095
229	33.03533	61.012154	227.36461	5.513779	138.8125	35.802322	47.689342	232.01779	0.93166816	207000	-1.2417634e-08	1414.2354	-0.00011179837	-460.95352	0.0061275563	0.00016650604	0.0011111111	6825.390867471695
230	47.94822	77.01462	227.88147	5.4989877	139.63333	30.967337	43.38057	206.12115	0.035781216	207900	-9.934108e-09	1777.3867	-4.960969e-05	-131.60382	0.0119285025	0.00029458528	0.005555555	6853.084165096283
231	23.579542	53.057713	231.87125	5.498129	139.2258	27.204445	40.18319	221.30626	3.5670576	208800	-4.967054e-09	1036.2567	-7.718522e-05	-33.268986	0.023965986	0.001547888	0.0044444446	6885.010959386826
232	41.578312	71.22652	230.5779	5.504256	139.19354	32.528416	45.650475	203.41432	-0.0486023	209700	2.4214387e-08	1301.9142	-4.9804494e-05	-119.85184	0.0054196394	4.4211087e-05	0.0011111111	6915.8119995594025
233	53.07117	82.74523	230.27103	5.502599	139.12903	32.446663	46.885265	220.2672	2.7029023	210600	-9.934108e-09	1923.059	-5.9802085e-05	-342.66647	0.009765287	0.00011002481	0.0	6946.135160207748
234	17.669237	39.62027	231.69952	5.4961867	139.45161	24.650755	36.06105	243.59372	4.506492	211500	4.967054e-09	803.0954	-0.00038556755	-156.52644	0.015221658	0.0033149635	0.0055555557	6978.0193972587585
235	48.205444	77.57834	235.21573	5.4674406	139.29033	36.12587	49.54689	230.28488	-0.13912505	212400	6.208817e-09	1700.0844	-3.127032e-05	-99.31588	0.0078100637	0.0006227665	0.0022222223	7008.5514793396
236	46.25118	77.20553	228.50763	5.508752	139.48387	35.18685	46.30938	209.30663	4.060716	213300	3.1044085e-09	1677.6901	-0.00078594947	-190.63115	0.008863321	0.063380055	0.048888892	7039.55606508255
237	30.334684	54.886143	230.55153	6.366293	138.03334	47.63773	50.050476	393.07983	-7.657935	214200	2.9802322e-08	3168.5608	0.0074627795	-1403.0001	0.055586744	0.37910566	0.07444444	7065.587718248367
238	48.580418	73.609	231.59842	5.51717	137.02942	38.81223	51.659843	320.69928	7.350125	215100	-1.2417635e-09	3387.862	-0.0058731684	-839.07	0.005505482	0.29607445	0.10666666	7096.770867586136
239	19.623306	15.409594	70.5713	4.3817005	140.24243	47.838573	34.68742	195.54314	0.6312967	216000	-2.7318796e-08	2022.4557	0.06519171	-1690.5824	0.19200648	0.4318451	0.21444444	7126.760220527649
240	18.447353	15.920597	101.96341	6.582489	136.08571	18.170593	4.3774486	34.374153	8.069837	216900	4.4703484e-08	225.7184	0.0060672644	-29.77905	0.111774825	0.31658146	0.11555556	7156.791310071945
241	31.06574	30.425274	104.05819	6.535962	136.09091	20.475721	5.3878284	30.899302	2.0739357	217800	-1.4901161e-08	536.74176	-0.0025622093	-33.383667	0.07058227	0.073317796	0.044444446	7186.8919360637665
242	32.908607	32.48322	103.7102	-10.0	132.7742	23.17332	7.4243875	76.253265	1.4815036	218700	-2.4835268e-08	738.0235	0.00357611	-96.52377	0.077506416	0.04591745	0.036666665	7217.224664926529
243	27.897417	29.189344	103.093864	5.476317	136.0	28.235138	10.702354	53.730656	-15.620497	219600	-3.228585e-08	560.09686	-0.0040537566	-38.749912	0.06926307	0.055610705	0.04111111	7246.962285518646
244	23.589119	26.05036	100.14482	5.4574375	136.67741	24.230358	11.92899	50.06089	-25.725374	220500	9.934108e-09	482.26736	-0.00596018	-50.15253	0.055981573	0.045369714	0.035555556	7277.817829608917
245	38.35507	38.80533	103.21203	-10.0	134.26666	23.516888	9.766744	47.83048	-2.8891883	221400	1.7384687e-08	942.7448	-0.00104091	-115.19888	0.057032075	0.05142344	0.036666665	7307.96018409729
246	15.115835	18.92874	101.97092	5.465664	135.61539	24.22946	10.665156	78.58525	-0.14194952	222300	-9.934108e-09	373.7048	-0.008512491	-176.29431	0.087469794	0.049637914	0.07888889	7337.117597818375
247	20.717728	29.953812	102.57411	-10.0	126.78571	13.586255	11.2329	58.29203	-9.37336	223200	9.934108e-09	452.6869	-0.00064570457	-47.558163	0.11695987	0.06865683	0.093333334	7363.128600120544
248	28.063032	32.323532	103.1382	5.4714775	135.30302	20.363728	10.016402	50.838894	-12.229769	224100	1.9868216e-08	613.96936	-0.00031300387	-66.622246	0.024789035	0.026959345	0.048888892	7397.233917236328
249	24.207478	27.178612	102.946434	5.4787035	139.5	22.746468	11.947515	58.40117	-9.941453	225000	-2.483527e-09	438.1355	9.981605e-06	-37.53976	0.07914436	0.060543865	0.07666666	7425.730702161789
250	30.931885	34.46281	103.36094	5.4600124	138.33333	21.95098	12.997545	57.742615	-9.729763	225900	-9.934108e-09	659.72174	0.0004747991	-40.835175	0.02550243	0.04542381	0.02111111	7457.095314502716
251	12.392973	19.818914	102.33029	-10.0	134.96153	15.52672	13.447263	77.57477	-12.210647	226800	-9.934108e-09	257.74164	-0.005743414	-98.88141	0.114226244	0.06645797	0.09555555	7485.916398763657
252	30.469536	40.64803	109.398186	-10.0	127.77778	7.2036567	17.805777	91.97874	-33.15579	227700	-1.1175871e-08	463.4364	0.015791712	-104.27244	0.19507585	0.12205515	0.16444445	7511.399436235428
253	24.194141	34.372784	109.23828	-10.0	123.83871	21.652779	21.830025	74.34677	-30.58714	228600	6.208817e-09	637.3	0.00066964905	-71.641205	0.06565321	0.06586497	0.064444445	7542.757940292358
254	28.21841	35.339725	109.36355	4.7126822	138.0303	21.625273	14.527712	65.22745	-9.233315	229500	-9.934108e-09	574.7497	-0.00021352386	-20.610224	0.010285187	0.00026949312	0.0	7574.375460386276
255	23.200048	32.64869	109.52867	4.721632	138.0303	19.164206	15.380525	76.64821	-14.345079	230400	-2.7318796e-08	432.06308	-0.00057890016	-23.087805	0.010195143	0.04651761	0.005555555	7605.746203184128
256	24.952648	32.163136	108.95858	4.724512	137.48485	24.861853	17.795568	85.42676	-3.9525688	231300	1.2417634e-08	533.9207	-0.00016639956	-25.211088	0.005785695	0.00015978025	0.0011111111	7638.337357997894
257	31.285164	38.044037	109.568794	4.7116694	136.87878	21.419966	16.383862	71.545906	-14.592966	232200	2.9802322e-08	686.74835	-0.0019412929	-65.6205	0.010044097	0.035888597	0.010000001	7669.87620973587
258	21.114107	28.547022	109.56671	4.7243986	137.32353	25.230974	16.77924	90.91865	-2.6722763	233100	-1.7384687e-08	404.12354	3.653268e-06	-48.359028	0.0015725922	4.4372348e-07	0.0	7701.685839891434
259	27.555319	35.924736	109.38306	4.7111826	137.71875	24.486895	19.439537	84.28686	-1.5238185	234000	1.3659398e-08	523.315	-2.4853274e-05	-17.999092	0.0019812316	3.7690003e-07	0.0	7733.813592672348
260	24.09125	31.86488	109.499435	4.7152343	136.88571	21.865177	18.16348	77.64753	-2.4523795	234900	-4.967054e-09	425.7687	1.5894572e-06	-17.08634	0.0008581644	4.7683715e-09	0.0	7765.790014028549
261	19.937143	29.591599	109.31082	4.722408	138.0	19.264414	19.632322	87.65142	-6.2623734	235800	-7.450581e-09	387.6429	-7.1426234e-06	-16.213697	0.00088527566	1.1589791e-08	0.0	7797.06248831749
262	26.235435	34.720642	109.51653	4.7197447	137.14285	22.002243	16.948267	72.619896	-2.4369676	236700	1.7384687e-08	417.03568	-1.4262895e-05	-18.72289	0.0009827983	2.1325215e-08	0.0	7828.581199645996
263	23.895952	32.56065	109.33596	4.7088747	138.33333	19.959826	16.247091	77.0072	-3.2915084	237600	-1.8626451e-08	446.85464	-0.0002868461	-12.782143	0.00085190317	0.013997816	0.0011111111	7860.916211605072
264	25.926674	35.94263	109.39531	4.7178755	138.06061	22.307213	20.731506	82.739334	-2.538538	238500	6.208817e-09	460.3057	-5.525847e-08	-20.291178	0.00040990184	0.0	0.0	7892.710848093033
265	21.14125	28.955465	108.88189	4.7307844	137.78787	22.60744	22.33288	94.00394	-4.305652	239400	-1.9868216e-08	398.75302	-4.0108958e-07	-37.865974	0.00036579897	0.0	0.0	7925.100316524506
266	23.877241	32.60043	109.354294	4.711816	137.51515	17.131227	16.864382	76.095726	-15.607364	240300	-9.934108e-09	376.58493	-4.6690306e-07	-28.791702	0.0003256936	0.0	0.0	7956.76565694809
267	29.402983	37.782948	109.59648	4.7187643	137.32353	25.003603	22.298878	88.75281	-1.3620006	241200	4.967054e-09	469.03638	5.432715e-08	-13.698074	0.00031721234	0.0	0.0	7988.171696901321
268	20.447277	29.41746	109.350426	4.722194	137.71875	19.618464	18.6279	87.762764	-1.3091457	242100	1.7384687e-08	344.7842	-7.2767335e-07	-19.460424	0.00032602003	0.0	0.0	8019.681834936142
269	25.823816	34.85786	109.60827	4.7114162	136.88571	20.686167	19.067802	83.09953	-2.365242	243000	7.450581e-09	456.19446	5.820766e-09	-17.840706	0.00028543608	0.0	0.0	8051.253367185593
270	24.180496	33.024403	108.61815	4.718375	138.0	24.535208	22.817932	95.59019	-0.57891244	243900	-4.967054e-09	401.9752	-1.6887982e-07	-12.924606	0.00027969966	0.0	0.0	8083.11594581604
271	19.930727	28.385769	109.291695	4.712106	137.14285	19.973726	18.924313	84.11587	-7.268594	244800	4.967054e-09	321.84476	-1.3411045e-07	-9.378993	0.0002702288	0.0	0.0	8115.50168299675
272	26.80494	35.656834	109.174416	4.7198777	138.33333	20.92974	19.454739	89.36572	-5.0465183	245700	1.4901161e-08	356.44824	-3.942599e-07	-27.409454	0.0002449406	0.0	0.0	8146.651442289352
273	24.32512	32.417564	109.389114	4.7238193	138.06061	21.970295	22.977224	98.54502	-6.5041738	246600	9.934108e-09	417.24942	2.7551625e-09	-22.64443	0.00028491922	0.0	0.0	8178.907870292664
274	25.688406	35.95777	109.476074	4.714037	137.78787	20.249702	19.65177	87.67241	-5.444348	247500	-1.7384687e-08	448.88037	-7.7299774e-08	-20.834574	0.00026880176	0.0	0.0	8210.83965754509
275	21.263119	28.852571	109.165985	4.7050486	137.69698	20.816692	20.731176	97.44985	-15.778794	248400	9.934108e-09	306.72354	-0.00014006719	-14.580685	0.0015475573	0.04896076	0.0011111111	8241.797160863876
276	23.6595	32.006104	109.22511	4.7208624	137.52942	19.058084	19.876394	97.80741	-13.887247	249300	-1.3659398e-08	361.47153	-0.000104404986	-9.330957	0.0032909699	0.002845268	0.0022222223	8274.09007024765
277	26.069736	36.443428	109.600876	4.7147765	137.78125	20.886477	19.67482	82.52082	-2.3306289	250200	-4.967054e-09	414.2268	4.1471017e-07	12.90392	0.00027960588	1.0596382e-09	0.0	8304.666459560394
278	20.657991	28.360687	109.625885	4.7202425	136.94286	17.600958	20.12331	88.44829	-3.6337862	251100	3.7252903e-09	286.89944	-2.7287751e-07	-17.726124	0.00020013297	0.0	0.0	8336.943390607834
279	24.523193	33.203728	108.608444	4.7156734	138.0	18.137295	16.526257	81.5622	-1.6012297	252000	0.0	359.62314	4.967054e-09	-8.846171	0.00019174103	0.0	0.0	8367.979509592056
280	28.352688	37.126644	109.574356	4.7054844	136.52777	19.854712	17.069162	79.77466	-1.5992818	252900	6.208817e-09	432.82742	-5.8362883e-08	-36.64663	0.0001913235	0.0	0.0	8399.618465185165
281	19.819838	28.987041	109.14153	4.724855	138.39394	19.034714	20.24723	102.31016	-3.1761806	253800	9.934108e-09	302.8708	-8.8786084e-07	-19.188637	0.00019577792	0.0	0.0	8431.707983732224
282	26.8811	35.58598	109.40527	4.7070055	138.12122	23.346659	21.970224	98.20853	-0.8894273	254700	2.483527e-09	448.32996	2.4028122e-07	-17.610159	0.00019375102	0.0	0.0	8463.567308187485
283	24.357298	32.458397	109.29721	4.7140245	137.84848	20.762205	20.40238	92.923225	-5.1158595	255600	1.7384687e-08	346.58066	-4.1288633e-08	-9.285066	0.00020226736	0.0	0.0	8495.410194635391
284	20.185675	29.2809	109.50598	4.7187257	137.57576	18.737154	19.92149	97.02963	-1.9460446	256500	3.1044085e-09	314.05118	-3.4334758e-07	-17.361567	0.00021716801	0.0	0.0	8527.804339885712
285	26.162533	35.11667	109.60145	4.7054157	137.38235	23.55806	24.153175	101.231575	-25.51272	257400	1.2417634e-08	395.49463	-0.00038106056	-44.4872	0.00020078667	0.10780006	0.0011111111	8557.905091047287
286	23.145397	32.47165	109.43001	-10.0	135.76923	17.536839	18.968384	101.2694	-32.27155	258300	2.483527e-09	311.87274	-0.0014287764	-49.845882	0.04411252	0.054815132	0.06666666	8588.325213432312
287	28.086946	29.984884	109.2767	-10.0	130.90909	23.971844	23.28732	97.67076	-29.115433	259200	9.313226e-09	456.62704	0.00021353674	-97.5821	0.050775573	0.17275578	0.03888889	8617.836917638779
288	30.84528	35.248623	112.60849	5.52161	136.7742	25.464197	19.405107	105.672615	-44.76202	260100	-1.4901161e-08	555.6441	-0.0002700972	-49.59555	0.00016882953	7.2848e-05	0.0	8648.868019104004
289	24.069448	31.864414	109.47303	4.7257404	136.2	23.562868	19.296608	94.23067	-4.077502	261000	2.483527e-09	369.76953	-0.00075904623	-22.487442	0.009500551	0.010892448	0.0011111111	8681.019221067429
290	26.200867	35.535	109.410385	4.719656	137.79411	22.708374	23.258701	102.88579	-2.9613907	261900	0.0	381.52283	-1.5072364e-06	-14.474399	0.00022092987	1.5298525e-08	0.0	8712.05171084404
291	20.730762	29.333858	109.281166	4.7321553	138.21875	17.33119	17.14319	92.04709	-5.3016124	262800	2.483527e-09	250.57271	4.507912e-06	-14.522888	0.00048136027	8.953942e-08	0.0	8743.714277267456
292	28.724157	37.454304	109.62608	4.723989	137.08571	22.337282	21.685297	103.28169	-22.381727	263700	2.483527e-09	437.3359	-0.00078931125	-25.640074	0.005879846	0.004623042	0.0044444446	8774.971548557281
293	25.014854	33.64169	109.49498	4.7257533	138.64516	24.024183	23.588152	98.82524	-2.7961824	264600	3.7252903e-09	373.52902	1.5677263e-07	-12.182576	0.0003806519	2.450413e-09	0.0	8806.441657066345
294	19.426092	28.393545	109.37807	4.7236	137.0	16.840668	18.97249	95.041374	-3.956668	265500	9.934108e-09	278.5215	-3.5514435e-07	-8.001128	0.00047603922	7.2850126e-10	0.0	8838.129019021988
295	27.96458	36.21387	109.20182	4.725029	138.06451	22.310928	21.833307	100.5019	1.0751948	266400	-9.934108e-09	339.13507	-2.9727817e-06	-10.141544	0.00049936416	2.8477773e-09	0.0	8867.889956474304
296	23.582802	31.605701	109.58133	4.70459	136.58333	20.189594	22.192026	97.75631	-0.9571407	267300	-9.934108e-09	364.97888	6.596868e-07	-4.3160243	0.000760806	3.9736427e-09	0.0	8899.501407384872
297	19.207106	29.538542	109.256996	4.7217326	138.40625	20.908663	21.806505	107.377335	-3.966238	268200	1.4901161e-08	320.12024	-3.0559797e-06	-20.360518	0.0008297121	7.0201023e-09	0.0	8929.53731918335
298	27.517126	34.883255	109.482216	4.722069	137.44118	19.87434	17.345612	78.98007	-0.029797116	269100	-9.934108e-09	317.1943	1.05549894e-07	-23.470505	0.00063975033	0.0	0.0	8961.35434961319
299	23.145452	34.180817	109.62848	-10.0	136.51613	18.927565	22.960396	105.1512	-33.00232	270000	-9.934108e-09	343.79858	-0.0011419319	-17.202467	0.010671783	0.014447457	0.013333333	8992.812947750092
300	24.287699	32.98494	109.473076	4.7209744	138.1875	21.966515	22.593267	104.83237	-2.27482	270900	1.2417634e-08	338.55038	-6.0399375e-06	-8.861681	0.0010173618	6.428692e-07	0.0	9024.199763298035
301	23.717913	31.78893	109.520645	4.711451	136.62857	19.252577	21.022537	99.424095	-21.783241	271800	-4.967054e-09	309.7764	-0.00069558556	-18.211359	0.006450208	0.02034633	0.0044444446	9056.05775809288
302	23.836397	34.220375	109.43959	4.7163234	138.93333	24.967455	24.693005	112.062325	-0.25572878	272700	1.2417634e-08	412.89722	-6.519258e-08	-18.327585	9.9239325e-05	0.0	0.0	9084.628410100937
303	23.099892	31.364555	108.96106	4.7233167	136.61111	20.232283	21.176746	99.76613	-0.49065915	273600	-9.934108e-09	282.87524	1.8134597e-07	-39.452755	9.2405135e-05	0.0	0.0	9116.494162082672
304	24.981483	33.40768	109.47308	4.7134805	138.3871	18.687775	19.197636	97.91103	-3.227861	274500	-1.2417634e-08	353.4568	-7.0159636e-08	-32.550003	0.000109860346	0.0	0.0	9146.832256317139
305	28.102869	37.59865	109.63487	4.7220073	136.77142	26.628483	26.37502	114.60663	-0.46763098	275400	-4.967054e-09	420.05887	-2.9491882e-09	-19.674957	0.00011805673	0.0	0.0	9178.083290576935
306	17.208271	24.557844	108.479706	4.7083592	137.93939	20.93737	21.141611	103.70837	-2.7581155	276300	2.2351742e-08	270.51483	1.2417635e-09	-50.147797	0.00011496772	0.0	0.0	9209.878222227097
307	27.236258	35.37396	109.21008	4.7168803	137.66667	20.191343	16.945457	86.15458	0.7953663	277200	-4.967054e-09	359.89697	-1.800557e-08	-38.86193	0.00011377153	0.0	0.0	9241.874486207962
308	26.831314	34.780647	109.607155	4.7208934	137.54286	25.524006	26.332687	106.80484	-2.972091	278100	7.450581e-09	419.07007	0.0	-30.615112	0.00012213133	0.0	0.0	9272.920846700668
309	19.722338	30.070591	109.622055	4.7201023	138.67741	19.298376	18.94822	104.7916	-0.73315734	279000	0.0	282.27628	-2.173086e-09	-27.186209	0.000119735785	0.0	0.0	9303.04459810257
310	25.844896	34.254955	109.309105	4.708358	137.11111	20.73518	22.749483	103.50519	-1.4307753	279900	0.0	327.39145	-4.284084e-08	-12.678327	0.000110766014	0.0	0.0	9334.959223985672
311	25.730886	33.712193	109.4161	4.70482	138.93333	23.075811	22.63586	102.01342	-1.0120119	280800	6.208817e-09	365.3394	-1.2417635e-09	-12.350215	0.00012550564	0.0	0.0	9363.826574325562
312	21.441782	31.706741	109.458405	4.7033234	136.61111	20.838926	20.732407	106.16606	2.1921325	281700	-9.934108e-09	306.36356	-1.6142925e-08	-13.801509	0.000107637345	0.0	0.0	9395.701542139053
313	24.771738	33.298916	109.55843	4.720455	138.3871	20.426596	23.287283	105.96039	-3.2301188	282600	-4.967054e-09	269.51004	1.3116126e-08	-19.908888	0.00011766201	0.0	0.0	9427.295719861984
314	23.670414	31.736418	109.27245	4.7089324	136.77142	22.058695	21.884394	105.996475	0.058261726	283500	7.450581e-09	348.05606	3.7252903e-09	-14.040886	0.000117192314	0.0	0.0	9459.319835662842
315	29.108854	38.522083	109.61498	4.7122397	137.93939	22.442053	23.632315	107.61396	1.9751995	284400	-2.483527e-09	435.87354	-2.2506963e-09	-40.66949	0.00011030681	0.0	0.0	9490.988059520721
316	17.80501	24.628853	109.417725	4.7273417	137.66667	23.162128	23.46713	116.427315	-0.9127383	285300	-1.4901161e-08	313.84277	-6.208817e-08	-82.54598	0.00012314605	0.0	0.0	9522.598615169525
317	23.096773	31.903296	109.59061	4.7126737	137.54286	24.227308	23.063686	105.432495	-4.739588	286200	-2.483527e-09	372.56937	2.483527e-09	-22.823923	0.00011029735	0.0	0.0	9554.372548341751
318	30.745213	39.34384	109.635544	4.722655	138.67741	18.894932	18.11141	85.41292	-3.1826086	287100	1.9868216e-08	440.6417	-5.5568915e-08	-56.480183	0.000111503985	0.0	0.0	9585.720909357071
319	19.59985	27.947311	109.19841	4.725262	137.11111	16.469202	20.094166	102.170586	-3.3424866	288000	-4.967054e-09	264.9785	-4.346172e-09	-16.963163	0.0001217183	0.0	0.0	9617.602679252625
320	25.496407	33.81031	109.584625	4.711696	138.93333	22.274134	21.964678	102.28183	-0.13704273	288900	-1.2417634e-08	350.38074	-1.9092113e-08	-10.526084	0.00011947585	0.0	0.0	9645.814873695374
321	26.24456	34.507534	109.620056	4.7172694	136.61111	21.754736	22.97109	103.912186	-3.313849	289800	-4.967054e-09	323.1698	-2.3903945e-08	-10.400119	0.00011258196	0.0	0.0	9677.519533872604
322	22.954773	33.55919	108.81946	4.712575	138.3871	19.607357	22.893528	107.05109	0.5233047	290700	7.450581e-09	292.84915	5.5879354e-09	-7.3708596	0.00014383889	0.0	0.0	9708.587653398514
323	23.529858	31.875557	109.625374	4.721543	136.77142	22.411024	23.125473	103.30677	-4.488238	291600	-4.967054e-09	334.1333	9.002785e-09	-6.8009515	0.000110965666	0.0	0.0	9740.068294763565
324	24.799887	32.446	109.619354	4.708535	137.93939	20.161552	21.49868	106.162155	-2.4432366	292500	-2.483527e-09	311.72363	-6.953875e-08	-16.109808	0.00012321242	0.0	0.0	9770.879041671753
325	22.072756	33.02711	109.24511	4.720934	137.66667	22.605751	23.040253	101.56595	-0.7025074	293400	-1.9868216e-08	310.38733	-2.8250119e-08	-6.725822	0.00013700617	0.0	0.0	9801.917184114456
326	23.344046	31.840452	109.28087	4.711988	137.54286	19.566164	21.366608	103.40879	-4.7159615	294300	-9.934108e-09	258.8518	6.2088173e-10	-10.611321	0.0001255115	0.0	0.0	9833.715115308762
327	25.213482	33.269173	109.22473	4.713494	138.67741	19.01847	20.287817	102.31982	-1.2833767	295200	-9.934108e-09	318.76868	-4.8428774e-08	-29.5949	0.00013103434	0.0	0.0	9865.442378759384
328	27.597507	37.3348	109.63723	4.7222414	137.11111	22.251766	25.541286	103.486015	-0.61161804	296100	0.0	399.96948	-1.8626451e-08	-21.515915	0.00013393514	0.0	0.0	9896.755257844925
329	18.536613	25.594444	109.2587	4.721791	138.93333	18.179956	19.940727	102.417366	-2.4532845	297000	1.9868216e-08	265.5224	-6.7055225e-08	-21.538513	0.00013637406	0.0	0.0	9925.533457279205
330	25.38256	34.364384	109.20299	4.720023	136.61111	22.07097	22.086721	107.00744	0.04715981	297900	-4.967054e-09	312.7377	-1.2417634e-08	-10.328706	0.0001292394	0.0	0.0	9957.41770529747
331	27.721899	36.66889	109.57997	4.710463	138.3871	22.976376	25.300968	103.67568	0.22026944	298800	-4.967054e-09	420.88266	-1.8936893e-08	-40.415062	0.00014795033	0.0	0.0	9987.73015832901
332	19.655281	28.375166	109.64244	4.724738	136.77142	19.124187	21.934069	110.257	-2.948788	299700	-3.7252903e-09	248.9472	-6.208817e-09	-20.37275	0.00012972487	0.0	0.0	10019.672830581665
333	23.73751	32.410473	109.23997	4.713498	137.93939	22.388779	24.352884	107.43462	0.7811572	300600	-1.7384687e-08	285.34644	-8.692344e-09	-16.16589	0.00013701622	0.0	0.0	10050.574924945831
334	27.882107	35.499794	109.498436	4.710268	137.66667	24.061947	21.852602	94.41387	2.7417095	301500	1.2417635e-09	367.90732	-1.6142925e-08	-17.152864	0.00014055167	0.0	0.0	10082.884470701218
335	21.91497	32.184906	109.440216	4.718227	137.54286	19.748524	21.590359	104.77779	-0.3537996	302400	-9.934108e-09	287.96054	-1.2417634e-08	-19.223799	0.00013243324	0.0	0.0	10114.621018648148
336	24.794304	33.205784	109.16793	4.733589	138.67741	21.018806	23.5565	104.89369	-1.5744083	303300	2.483527e-09	276.78983	-4.346172e-09	-10.072349	0.0001402962	0.0	0.0	10145.704415082932
337	23.120193	31.328547	108.78358	4.711731	137.11111	21.95728	23.065939	101.64362	-2.5356855	304200	3.7252903e-09	329.22314	3.1044087e-10	-10.521796	0.00013356487	0.0	0.0	10177.823177576065
338	23.744724	34.371937	109.594406	4.7115245	138.93333	21.441442	22.47724	105.55383	-0.37480366	305100	1.8936893e-08	369.18198	-2.029507e-08	-39.879177	0.0001323736	0.0	0.0	10206.222570180893
339	23.209171	31.476713	109.38444	4.7226133	136.61111	20.22375	23.383581	106.79011	-0.14174028	306000	0.0	268.80954	-9.623666e-09	-45.424244	0.00013503483	0.0	0.0	10238.036113500595
340	24.951038	33.331177	109.49361	4.7216043	138.3871	20.126974	20.28377	94.230125	-0.34997052	306900	5.5879354e-09	334.97012	-1.3333435e-07	-12.52815	0.00013638826	0.0	0.0	10268.396033525467
341	28.134409	37.703175	109.62124	4.713922	136.77142	23.192413	24.684185	106.82323	-1.55521	307800	-9.934108e-09	347.36646	6.208817e-09	-12.464722	0.000121281766	0.0	0.0	10299.838779687881
342	17.347105	24.775883	109.551186	4.724304	137.93939	18.905787	21.834072	102.61012	-3.3775356	308700	-1.086543e-08	243.3846	-1.3387762e-08	-32.4098	0.00014022483	0.0	0.0	10331.797353982925
343	27.291142	35.406837	109.51319	4.725141	137.66667	19.373793	16.060093	79.11861	2.0646734	309600	-9.934108e-09	372.31802	6.6744783e-09	-41.14493	0.00012460623	0.0	0.0	10363.465431451797
344	26.853539	34.832092	109.46959	4.7190747	137.54286	21.317463	23.57421	107.05561	-3.2688046	310500	-1.3659398e-08	317.1357	1.8626451e-09	-11.097404	0.00012238756	0.0	0.0	10394.62164068222
345	19.660578	29.916723	109.159004	4.7246146	138.67741	19.312038	22.037365	106.312805	-0.22638722	311400	2.483527e-09	260.5746	-6.565824e-08	-8.299084	0.00015165581	0.0	0.0	10424.840374946594
346	25.84895	34.33046	109.179405	4.7221894	137.11111	22.660591	23.267454	107.53232	-1.6725432	312300	-1.7384687e-08	327.64172	-3.8494665e-08	-5.686871	0.00010874516	0.0	0.0	10456.320751667023
347	25.71541	33.717266	109.18896	4.716437	138.93333	20.123438	21.72372	108.80593	-3.428402	313200	-4.967054e-09	292.68027	4.967054e-09	-10.569847	0.0001251007	0.0	0.0	10484.824368476868
348	21.459517	31.739256	109.16969	4.7106085	136.61111	21.594591	23.728775	105.51545	0.9770137	314100	1.2417634e-08	291.40857	-2.4214387e-08	-11.368716	0.000127623	0.0	0.0	10516.746082305908
349	24.834305	33.414146	109.5363	4.7250566	138.3871	22.155695	23.756275	104.723015	-2.7251563	315000	-3.4769375e-08	276.78015	-4.346172e-09	-27.857111	0.00011692991	0.0	0.0	10548.460313796997
350	23.666626	31.696074	109.07622	4.719838	136.77142	20.661602	22.360685	111.9911	0.7302463	315900	0.0	291.03683	-8.071463e-09	-11.940015	0.00011066687	0.0	0.0	10580.427671670914
351	29.072086	38.49774	109.59141	4.7092905	137.93939	21.993698	25.701937	101.342026	-3.1827843	316800	-1.9868216e-08	419.85413	-8.071463e-09	-33.05397	0.00013100909	0.0	0.0	10611.36873793602
352	17.831242	24.673386	109.564514	4.7122436	137.66667	22.000422	22.213188	111.88151	0.07508007	317700	2.483527e-09	271.68198	-6.009941e-08	-63.151897	0.000117051204	0.0	0.0	10642.771483898163
353	23.028347	31.806648	109.23039	4.727017	137.54286	20.069103	21.529514	101.59045	1.4937714	318600	-3.4769375e-08	435.39456	-6.3329935e-08	-24.286825	0.00011717203	0.0	0.0	10674.85705113411
354	30.5598	39.094936	109.522644	4.7195354	138.67741	24.03191	20.118723	89.69518	2.5965414	319500	-4.967054e-09	404.4965	-2.9336661e-08	-36.727516	0.00012308176	0.0	0.0	10705.904179811478
355	19.50661	27.914513	109.32531	4.719324	137.11111	17.988178	21.146978	108.675095	-3.4470096	320400	-3.7252903e-09	252.654	-3.1044085e-08	-32.123295	0.00010372916	0.0	0.0	10737.879221916199
356	25.410404	33.729015	109.44702	4.7067337	138.93333	22.54408	24.128689	104.86281	-2.024558	321300	-2.483527e-09	300.04324	-1.6763806e-08	-14.951671	0.000110324996	0.0	0.0	10766.228576660156
357	26.144335	34.374176	109.364685	4.7157645	136.61111	24.872044	25.089188	108.29697	-0.022874622	322200	1.2417635e-09	345.17484	4.967054e-09	-16.991018	0.00011069378	0.0	0.0	10798.391170501709
358	22.94669	33.65424	108.90255	4.718023	138.3871	18.165596	21.822248	112.35266	0.5097797	323100	-1.4901161e-08	278.51462	-8.692344e-09	-23.109186	0.00010732667	0.0	0.0	10829.385764598846
359	23.479973	31.74212	109.55484	4.7159176	136.77142	23.744503	25.057163	113.982925	-1.8345985	324000	-7.450581e-09	284.17294	-1.102065e-08	-7.6642585	0.00010721999	0.0	0.0	10861.301817417145
360	24.849232	32.551094	109.55725	4.7165465	137.93939	23.55922	23.862041	104.63591	-2.6161585	324900	7.450581e-09	327.62878	-4.035731e-08	-16.403547	0.00011418129	0.0	0.0	10891.64747095108
361	22.084	32.99878	109.35965	4.712445	137.66667	21.67409	22.475195	109.217125	0.06725979	325800	-9.934108e-09	277.43094	9.934108e-09	-8.732526	0.00010421522	0.0	0.0	10922.505561113358
362	23.42861	31.96207	109.62816	4.715004	137.54286	19.884315	22.987434	109.31088	-0.6364871	326700	-9.934108e-09	238.66444	6.829699e-09	-16.55629	0.00011020617	0.0	0.0	10954.467542886734
363	25.252094	33.31844	109.43704	4.7210135	138.67741	21.966549	22.141573	108.80944	0.8091016	327600	-1.2417635e-09	313.48013	-3.7252903e-09	-11.139697	0.00011584547	0.0	0.0	10986.644280433655
364	27.578539	37.271336	109.37935	4.7207704	137.11111	21.853973	24.121456	108.34259	0.5371603	328500	7.450581e-09	349.97006	-2.2662183e-08	-27.364637	0.00010198698	0.0	0.0	11018.026025533676
365	18.495623	25.628887	109.26767	4.7210355	138.93333	17.887335	21.542997	101.90603	-4.069588	329400	6.2088173e-10	232.66089	1.5832484e-08	-11.995613	0.00012582475	0.0	0.0	11046.703981876373
366	25.37244	34.35954	109.18088	4.7184286	136.61111	21.050106	21.799156	99.182304	0.24975406	330300	-1.7384687e-08	322.34708	-3.0112762e-08	-9.803019	0.000106747706	0.0	0.0	11078.728011846542
367	27.656069	36.63273	109.60135	4.7092695	138.3871	20.894766	23.756966	107.14911	-1.3965746	331200	0.0	329.5725	-1.00272395e-07	-21.586641	0.00010967444	0.0	0.0	11110.838383197784
368	19.672215	28.35418	109.33846	4.7215137	136.77142	18.524597	22.04989	103.23247	-2.309081	332100	1.1175871e-08	244.15388	-3.958121e-09	-14.2105	0.00012567964	0.0	0.0	11142.474163770676
